0.00000e+00	1.40000e+00	1.00000e-01	1.00000e+00	1.78571e+00
1.00000e-02	1.40000e+00	1.00000e-01	1.00000e+00	1.78571e+00
2.00000e-02	1.40000e+00	1.00000e-01	1.00000e+00	1.78571e+00
3.00000e-02	1.40000e+00	1.00000e-01	1.00000e+00	1.78571e+00
4.00000e-02	1.40000e+00	1.00000e-01	1.00000e+00	1.78571e+00
5.00000e-02	1.40000e+00	1.00000e-01	1.00000e+00	1.78571e+00
6.00000e-02	1.40000e+00	1.00000e-01	1.00000e+00	1.78571e+00
7.00000e-02	1.40000e+00	1.00000e-01	1.00000e+00	1.78571e+00
8.00000e-02	1.40000e+00	1.00000e-01	1.00000e+00	1.78571e+00
9.00000e-02	1.40000e+00	1.00000e-01	1.00000e+00	1.78571e+00
1.00000e-01	1.40000e+00	1.00000e-01	1.00000e+00	1.78571e+00
1.10000e-01	1.40000e+00	1.00000e-01	1.00000e+00	1.78572e+00
1.20000e-01	1.40000e+00	1.00000e-01	1.00000e+00	1.78572e+00
1.30000e-01	1.40000e+00	1.00000e-01	1.00000e+00	1.78572e+00
1.40000e-01	1.40000e+00	1.00000e-01	1.00000e+00	1.78572e+00
1.50000e-01	1.40000e+00	1.00000e-01	1.00000e+00	1.78572e+00
1.60000e-01	1.39999e+00	1.00000e-01	1.00000e+00	1.78572e+00
1.70000e-01	1.39999e+00	1.00000e-01	1.00000e+00	1.78573e+00
1.80000e-01	1.39998e+00	1.00000e-01	1.00000e+00	1.78574e+00
1.90000e-01	1.39998e+00	1.00000e-01	1.00000e+00	1.78575e+00
2.00000e-01	1.39996e+00	1.00000e-01	1.00000e+00	1.78576e+00
2.10000e-01	1.39995e+00	1.00000e-01	1.00000e+00	1.78578e+00
2.20000e-01	1.39993e+00	1.00000e-01	1.00000e+00	1.78581e+00
2.30000e-01	1.39989e+00	1.00000e-01	1.00000e+00	1.78585e+00
2.40000e-01	1.39985e+00	1.00000e-01	1.00000e+00	1.78591e+00
2.50000e-01	1.39979e+00	1.00000e-01	1.00000e+00	1.78599e+00
2.60000e-01	1.39970e+00	1.00000e-01	1.00000e+00	1.78610e+00
2.70000e-01	1.39959e+00	1.00000e-01	1.00000e+00	1.78624e+00
2.80000e-01	1.39943e+00	1.00000e-01	1.00000e+00	1.78644e+00
2.90000e-01	1.39922e+00	1.00000e-01	1.00000e+00	1.78670e+00
3.00000e-01	1.39895e+00	1.00000e-01	1.00000e+00	1.78705e+00
3.10000e-01	1.39860e+00	1.00000e-01	1.00000e+00	1.78751e+00
3.20000e-01	1.39813e+00	1.00000e-01	1.00000e+00	1.78810e+00
3.30000e-01	1.39754e+00	1.00000e-01	1.00000e+00	1.78885e+00
3.40000e-01	1.39679e+00	1.00000e-01	1.00000e+00	1.78982e+00
3.50000e-01	1.39584e+00	1.00000e-01	1.00000e+00	1.79104e+00
3.60000e-01	1.39465e+00	1.00000e-01	1.00000e+00	1.79257e+00
3.70000e-01	1.39318e+00	1.00000e-01	1.00000e+00	1.79446e+00
3.80000e-01	1.39137e+00	1.00000e-01	1.00000e+00	1.79679e+00
3.90000e-01	1.38918e+00	1.00000e-01	1.00000e+00	1.79962e+00
4.00000e-01	1.38654e+00	1.00000e-01	1.00000e+00	1.80304e+00
4.10000e-01	1.38340e+00	1.00000e-01	1.00000e+00	1.80714e+00
4.20000e-01	1.37969e+00	1.00000e-01	1.00000e+00	1.81201e+00
4.30000e-01	1.37534e+00	1.00000e-01	1.00000e+00	1.81773e+00
4.40000e-01	1.37030e+00	1.00000e-01	1.00000e+00	1.82441e+00
4.50000e-01	1.36452e+00	1.00000e-01	1.00000e+00	1.83214e+00
4.60000e-01	1.35795e+00	1.00000e-01	1.00000e+00	1.84100e+00
4.70000e-01	1.35056e+00	1.00000e-01	1.00000e+00	1.85109e+00
4.80000e-01	1.34231e+00	1.00000e-01	1.00000e+00	1.86246e+00
4.90000e-01	1.33320e+00	1.00000e-01	1.00000e+00	1.87519e+00
5.00000e-01	1.32323e+00	1.00000e-01	1.00000e+00	1.88931e+00
5.10000e-01	1.31243e+00	1.00000e-01	1.00000e+00	1.90486e+00
5.20000e-01	1.30084e+00	1.00000e-01	1.00000e+00	1.92183e+00
5.30000e-01	1.28852e+00	1.00000e-01	1.00000e+00	1.94021e+00
5.40000e-01	1.27554e+00	1.00000e-01	1.00000e+00	1.95996e+00
5.50000e-01	1.26199e+00	1.00000e-01	1.00000e+00	1.98100e+00
5.60000e-01	1.24798e+00	1.00000e-01	1.00000e+00	2.00323e+00
5.70000e-01	1.23363e+00	1.00000e-01	1.00000e+00	2.02654e+00
5.80000e-01	1.21904e+00	1.00000e-01	1.00000e+00	2.05079e+00
5.90000e-01	1.20436e+00	1.00000e-01	1.00000e+00	2.07579e+00
6.00000e-01	1.18970e+00	1.00000e-01	1.00000e+00	2.10136e+00
6.10000e-01	1.17519e+00	1.00000e-01	1.00000e+00	2.12731e+00
6.20000e-01	1.16095e+00	1.00000e-01	1.00000e+00	2.15341e+00
6.30000e-01	1.14708e+00	1.00000e-01	1.00000e+00	2.17945e+00
6.40000e-01	1.13368e+00	1.00000e-01	1.00000e+00	2.20520e+00
6.50000e-01	1.12084e+00	1.00000e-01	1.00000e+00	2.23046e+00
6.60000e-01	1.10864e+00	1.00000e-01	1.00000e+00	2.25502e+00
6.70000e-01	1.09712e+00	1.00000e-01	1.00000e+00	2.27870e+00
6.80000e-01	1.08633e+00	1.00000e-01	1.00000e+00	2.30133e+00
6.90000e-01	1.07630e+00	1.00000e-01	1.00000e+00	2.32278e+00
7.00000e-01	1.06704e+00	1.00000e-01	1.00000e+00	2.34292e+00
7.10000e-01	1.05857e+00	1.00000e-01	1.00000e+00	2.36168e+00
7.20000e-01	1.05086e+00	1.00000e-01	1.00000e+00	2.37900e+00
7.30000e-01	1.04390e+00	1.00000e-01	1.00000e+00	2.39486e+00
7.40000e-01	1.03767e+00	1.00000e-01	1.00000e+00	2.40925e+00
7.50000e-01	1.03212e+00	1.00000e-01	1.00000e+00	2.42219e+00
7.60000e-01	1.02722e+00	1.00000e-01	1.00000e+00	2.43374e+00
7.70000e-01	1.02293e+00	1.00000e-01	1.00000e+00	2.44396e+00
7.80000e-01	1.01919e+00	1.00000e-01	1.00000e+00	2.45293e+00
7.90000e-01	1.01596e+00	1.00000e-01	1.00000e+00	2.46073e+00
8.00000e-01	1.01319e+00	1.00000e-01	1.00000e+00	2.46746e+00
8.10000e-01	1.01083e+00	1.00000e-01	1.00000e+00	2.47323e+00
8.20000e-01	1.00883e+00	1.00000e-01	1.00000e+00	2.47812e+00
8.30000e-01	1.00715e+00	1.00000e-01	1.00000e+00	2.48224e+00
8.40000e-01	1.00576e+00	1.00000e-01	1.00000e+00	2.48569e+00
8.50000e-01	1.00460e+00	1.00000e-01	1.00000e+00	2.48854e+00
8.60000e-01	1.00366e+00	1.00000e-01	1.00000e+00	2.49089e+00
8.70000e-01	1.00289e+00	1.00000e-01	1.00000e+00	2.49281e+00
8.80000e-01	1.00226e+00	1.00000e-01	1.00000e+00	2.49436e+00
8.90000e-01	1.00176e+00	1.00000e-01	1.00000e+00	2.49561e+00
9.00000e-01	1.00136e+00	1.00000e-01	1.00000e+00	2.49660e+00
9.10000e-01	1.00105e+00	1.00000e-01	1.00000e+00	2.49739e+00
9.20000e-01	1.00080e+00	1.00000e-01	1.00000e+00	2.49801e+00
9.30000e-01	1.00061e+00	1.00000e-01	1.00000e+00	2.49849e+00
9.40000e-01	1.00046e+00	1.00000e-01	1.00000e+00	2.49886e+00
9.50000e-01	1.00034e+00	1.00000e-01	1.00000e+00	2.49914e+00
9.60000e-01	1.00026e+00	1.00000e-01	1.00000e+00	2.49935e+00
9.70000e-01	1.00020e+00	1.00000e-01	1.00000e+00	2.49951e+00
9.80000e-01	1.00015e+00	1.00000e-01	1.00000e+00	2.49961e+00
9.90000e-01	1.00013e+00	1.00000e-01	1.00000e+00	2.49968e+00
1.00000e+00	1.00012e+00	1.00000e-01	1.00000e+00	2.49970e+00
