5.00000e-03	1.00000e+00	7.50000e-01	1.00000e+00	2.50000e+00
1.50000e-02	1.00000e+00	7.50000e-01	1.00000e+00	2.50000e+00
2.50000e-02	1.00000e+00	7.50000e-01	1.00000e+00	2.50000e+00
3.50000e-02	1.00000e+00	7.50000e-01	1.00000e+00	2.50000e+00
4.50000e-02	1.00000e+00	7.50000e-01	1.00000e+00	2.50000e+00
5.50000e-02	1.00000e+00	7.50001e-01	9.99999e-01	2.50000e+00
6.50000e-02	9.99999e-01	7.50002e-01	9.99998e-01	2.50000e+00
7.50000e-02	9.99996e-01	7.50005e-01	9.99994e-01	2.50000e+00
8.50000e-02	9.99989e-01	7.50013e-01	9.99985e-01	2.49999e+00
9.50000e-02	9.99972e-01	7.50033e-01	9.99961e-01	2.49997e+00
1.05000e-01	9.99930e-01	7.50083e-01	9.99902e-01	2.49993e+00
1.15000e-01	9.99835e-01	7.50196e-01	9.99768e-01	2.49983e+00
1.25000e-01	9.99629e-01	7.50439e-01	9.99480e-01	2.49963e+00
1.35000e-01	9.99211e-01	7.50934e-01	9.98896e-01	2.49921e+00
1.45000e-01	9.98415e-01	7.51876e-01	9.97782e-01	2.49842e+00
1.55000e-01	9.96992e-01	7.53562e-01	9.95793e-01	2.49699e+00
1.65000e-01	9.94612e-01	7.56385e-01	9.92469e-01	2.49461e+00
1.75000e-01	9.90885e-01	7.60816e-01	9.87270e-01	2.49088e+00
1.85000e-01	9.85410e-01	7.67346e-01	9.79651e-01	2.48539e+00
1.95000e-01	9.77845e-01	7.76412e-01	9.69155e-01	2.47778e+00
2.05000e-01	9.67968e-01	7.88329e-01	9.55505e-01	2.46781e+00
2.15000e-01	9.55722e-01	8.03236e-01	9.38661e-01	2.45537e+00
2.25000e-01	9.41225e-01	8.21079e-01	9.18835e-01	2.44053e+00
2.35000e-01	9.24762e-01	8.41608e-01	8.96469e-01	2.42351e+00
2.45000e-01	9.06782e-01	8.64369e-01	8.72221e-01	2.40472e+00
2.55000e-01	8.87915e-01	8.88648e-01	8.46977e-01	2.38474e+00
2.65000e-01	8.69064e-01	9.13336e-01	8.21958e-01	2.36449e+00
2.75000e-01	8.51579e-01	9.36633e-01	7.98935e-01	2.34545e+00
2.85000e-01	8.37454e-01	9.55745e-01	7.80465e-01	2.32987e+00
2.95000e-01	8.28821e-01	9.67449e-01	7.69316e-01	2.32051e+00
3.05000e-01	6.29101e-01	1.27540e+00	5.21725e-01	2.07330e+00
3.15000e-01	6.28039e-01	1.27720e+00	5.20502e-01	2.07194e+00
3.25000e-01	6.24400e-01	1.28344e+00	5.16299e-01	2.06718e+00
3.35000e-01	6.17928e-01	1.29460e+00	5.08841e-01	2.05866e+00
3.45000e-01	6.09707e-01	1.30892e+00	4.99412e-01	2.04776e+00
3.55000e-01	6.01161e-01	1.32397e+00	4.89667e-01	2.03634e+00
3.65000e-01	5.93435e-01	1.33772e+00	4.80908e-01	2.02595e+00
3.75000e-01	5.87240e-01	1.34884e+00	4.73920e-01	2.01758e+00
3.85000e-01	5.82853e-01	1.35676e+00	4.68999e-01	2.01165e+00
3.95000e-01	5.80175e-01	1.36159e+00	4.66016e-01	2.00808e+00
4.05000e-01	5.78839e-01	1.36396e+00	4.64558e-01	2.00642e+00
4.15000e-01	5.78366e-01	1.36471e+00	4.64101e-01	2.00609e+00
4.25000e-01	5.78310e-01	1.36459e+00	4.64176e-01	2.00660e+00
4.35000e-01	5.78330e-01	1.36412e+00	4.64459e-01	2.00776e+00
4.45000e-01	5.78173e-01	1.36361e+00	4.64775e-01	2.00967e+00
4.55000e-01	5.77621e-01	1.36316e+00	4.65052e-01	2.01279e+00
4.65000e-01	5.76433e-01	1.36279e+00	4.65274e-01	2.01790e+00
4.75000e-01	5.74310e-01	1.36251e+00	4.65446e-01	2.02611e+00
4.85000e-01	5.70885e-01	1.36229e+00	4.65581e-01	2.03886e+00
4.95000e-01	5.65751e-01	1.36211e+00	4.65688e-01	2.05783e+00
5.05000e-01	5.58513e-01	1.36197e+00	4.65774e-01	2.08488e+00
5.15000e-01	5.48852e-01	1.36185e+00	4.65844e-01	2.12190e+00
5.25000e-01	5.36603e-01	1.36175e+00	4.65902e-01	2.17061e+00
5.35000e-01	5.21813e-01	1.36166e+00	4.65949e-01	2.23236e+00
5.45000e-01	5.04775e-01	1.36158e+00	4.65987e-01	2.30790e+00
5.55000e-01	4.86018e-01	1.36151e+00	4.66018e-01	2.39713e+00
5.65000e-01	4.66257e-01	1.36144e+00	4.66041e-01	2.49884e+00
5.75000e-01	4.46314e-01	1.36137e+00	4.66055e-01	2.61058e+00
5.85000e-01	4.27013e-01	1.36130e+00	4.66058e-01	2.72860e+00
5.95000e-01	4.09087e-01	1.36120e+00	4.66047e-01	2.84810e+00
6.05000e-01	3.93096e-01	1.36106e+00	4.66013e-01	2.96373e+00
6.15000e-01	3.79386e-01	1.36085e+00	4.65940e-01	3.07035e+00
6.25000e-01	3.68076e-01	1.36051e+00	4.65801e-01	3.16376e+00
6.35000e-01	3.59075e-01	1.35992e+00	4.65544e-01	3.24128e+00
6.45000e-01	3.52121e-01	1.35889e+00	4.65077e-01	3.30197e+00
6.55000e-01	3.46816e-01	1.35705e+00	4.64228e-01	3.34635e+00
6.65000e-01	3.42652e-01	1.35374e+00	4.62693e-01	3.37582e+00
6.75000e-01	3.38999e-01	1.34778e+00	4.59928e-01	3.39181e+00
6.85000e-01	3.35048e-01	1.33706e+00	4.54983e-01	3.39491e+00
6.95000e-01	3.29696e-01	1.31789e+00	4.46246e-01	3.38377e+00
7.05000e-01	3.21360e-01	1.28386e+00	4.31107e-01	3.35377e+00
7.15000e-01	3.07820e-01	1.22435e+00	4.05716e-01	3.29507e+00
7.25000e-01	2.86357e-01	1.12281e+00	3.65420e-01	3.19024e+00
7.35000e-01	2.54885e-01	9.57692e-01	3.07271e-01	3.01381e+00
7.45000e-01	2.14859e-01	7.14287e-01	2.35926e-01	2.74512e+00
7.55000e-01	1.74462e-01	4.21149e-01	1.68713e-01	2.41762e+00
7.65000e-01	1.45313e-01	1.77200e-01	1.25460e-01	2.15845e+00
7.75000e-01	1.31312e-01	5.43374e-02	1.07349e-01	2.04377e+00
7.85000e-01	1.26658e-01	1.41069e-02	1.01876e-01	2.01084e+00
7.95000e-01	1.25409e-01	3.46807e-03	1.00459e-01	2.00263e+00
8.05000e-01	1.25099e-01	8.40043e-04	1.00111e-01	2.00064e+00
8.15000e-01	1.25024e-01	2.02580e-04	1.00027e-01	2.00015e+00
8.25000e-01	1.25006e-01	4.87563e-05	1.00006e-01	2.00004e+00
8.35000e-01	1.25001e-01	1.17165e-05	1.00002e-01	2.00001e+00
8.45000e-01	1.25000e-01	2.81109e-06	1.00000e-01	2.00000e+00
8.55000e-01	1.25000e-01	6.73233e-07	1.00000e-01	2.00000e+00
8.65000e-01	1.25000e-01	1.60901e-07	1.00000e-01	2.00000e+00
8.75000e-01	1.25000e-01	3.83635e-08	1.00000e-01	2.00000e+00
8.85000e-01	1.25000e-01	9.12225e-09	1.00000e-01	2.00000e+00
8.95000e-01	1.25000e-01	2.16246e-09	1.00000e-01	2.00000e+00
9.05000e-01	1.25000e-01	5.10841e-10	1.00000e-01	2.00000e+00
9.15000e-01	1.25000e-01	1.20207e-10	1.00000e-01	2.00000e+00
9.25000e-01	1.25000e-01	2.81637e-11	1.00000e-01	2.00000e+00
9.35000e-01	1.25000e-01	6.56689e-12	1.00000e-01	2.00000e+00
9.45000e-01	1.25000e-01	1.52306e-12	1.00000e-01	2.00000e+00
9.55000e-01	1.25000e-01	3.51223e-13	1.00000e-01	2.00000e+00
9.65000e-01	1.25000e-01	8.03831e-14	1.00000e-01	2.00000e+00
9.75000e-01	1.25000e-01	1.81934e-14	1.00000e-01	2.00000e+00
9.85000e-01	1.25000e-01	4.07745e-15	1.00000e-01	2.00000e+00
9.95000e-01	1.25000e-01	8.61432e-16	1.00000e-01	2.00000e+00
