      0.000500        5.999240       19.597500      460.894012      192.063522
      0.001500        5.999240       19.597500      460.894012      192.063522
      0.002500        5.999240       19.597500      460.894012      192.063522
      0.003500        5.999240       19.597500      460.894012      192.063522
      0.004500        5.999240       19.597500      460.894012      192.063522
      0.005500        5.999240       19.597500      460.894012      192.063522
      0.006500        5.999240       19.597500      460.894012      192.063522
      0.007500        5.999240       19.597500      460.894012      192.063522
      0.008500        5.999240       19.597500      460.894012      192.063522
      0.009500        5.999240       19.597500      460.894012      192.063522
      0.010500        5.999240       19.597500      460.894012      192.063522
      0.011500        5.999240       19.597500      460.894012      192.063522
      0.012500        5.999240       19.597500      460.894012      192.063522
      0.013500        5.999240       19.597500      460.894012      192.063522
      0.014500        5.999240       19.597500      460.894012      192.063522
      0.015500        5.999240       19.597500      460.894012      192.063522
      0.016500        5.999240       19.597500      460.894012      192.063522
      0.017500        5.999240       19.597500      460.894012      192.063522
      0.018500        5.999240       19.597500      460.894012      192.063522
      0.019500        5.999240       19.597500      460.894012      192.063522
      0.020500        5.999240       19.597500      460.894012      192.063522
      0.021500        5.999240       19.597500      460.894012      192.063522
      0.022500        5.999240       19.597500      460.894012      192.063522
      0.023500        5.999240       19.597500      460.894012      192.063522
      0.024500        5.999240       19.597500      460.894012      192.063522
      0.025500        5.999240       19.597500      460.894012      192.063522
      0.026500        5.999240       19.597500      460.894012      192.063522
      0.027500        5.999240       19.597500      460.894012      192.063522
      0.028500        5.999240       19.597500      460.894012      192.063522
      0.029500        5.999240       19.597500      460.894012      192.063522
      0.030500        5.999240       19.597500      460.894012      192.063522
      0.031500        5.999240       19.597500      460.894012      192.063522
      0.032500        5.999240       19.597500      460.894012      192.063522
      0.033500        5.999240       19.597500      460.894012      192.063522
      0.034500        5.999240       19.597500      460.894012      192.063522
      0.035500        5.999240       19.597500      460.894012      192.063522
      0.036500        5.999240       19.597500      460.894012      192.063522
      0.037500        5.999240       19.597500      460.894012      192.063522
      0.038500        5.999240       19.597500      460.894012      192.063522
      0.039500        5.999240       19.597500      460.894012      192.063522
      0.040500        5.999240       19.597500      460.894012      192.063522
      0.041500        5.999240       19.597500      460.894012      192.063522
      0.042500        5.999240       19.597500      460.894012      192.063522
      0.043500        5.999240       19.597500      460.894012      192.063522
      0.044500        5.999240       19.597500      460.894012      192.063522
      0.045500        5.999240       19.597500      460.894012      192.063522
      0.046500        5.999240       19.597500      460.894012      192.063522
      0.047500        5.999240       19.597500      460.894012      192.063522
      0.048500        5.999240       19.597500      460.894012      192.063522
      0.049500        5.999240       19.597500      460.894012      192.063522
      0.050500        5.999240       19.597500      460.894012      192.063522
      0.051500        5.999240       19.597500      460.894012      192.063522
      0.052500        5.999240       19.597500      460.894012      192.063522
      0.053500        5.999240       19.597500      460.894012      192.063522
      0.054500        5.999240       19.597500      460.894012      192.063522
      0.055500        5.999240       19.597500      460.894012      192.063522
      0.056500        5.999240       19.597500      460.894012      192.063522
      0.057500        5.999240       19.597500      460.894012      192.063522
      0.058500        5.999240       19.597500      460.894012      192.063522
      0.059500        5.999240       19.597500      460.894012      192.063522
      0.060500        5.999240       19.597500      460.894012      192.063522
      0.061500        5.999240       19.597500      460.894012      192.063522
      0.062500        5.999240       19.597500      460.894012      192.063522
      0.063500        5.999240       19.597500      460.894012      192.063522
      0.064500        5.999240       19.597500      460.894012      192.063522
      0.065500        5.999240       19.597500      460.894012      192.063522
      0.066500        5.999240       19.597500      460.894012      192.063522
      0.067500        5.999240       19.597500      460.894012      192.063522
      0.068500        5.999240       19.597500      460.894012      192.063522
      0.069500        5.999240       19.597500      460.894012      192.063522
      0.070500        5.999240       19.597500      460.894012      192.063522
      0.071500        5.999240       19.597500      460.894012      192.063522
      0.072500        5.999240       19.597500      460.894012      192.063522
      0.073500        5.999240       19.597500      460.894012      192.063522
      0.074500        5.999240       19.597500      460.894012      192.063522
      0.075500        5.999240       19.597500      460.894012      192.063522
      0.076500        5.999240       19.597500      460.894012      192.063522
      0.077500        5.999240       19.597500      460.894012      192.063522
      0.078500        5.999240       19.597500      460.894012      192.063522
      0.079500        5.999240       19.597500      460.894012      192.063522
      0.080500        5.999240       19.597500      460.894012      192.063522
      0.081500        5.999240       19.597500      460.894012      192.063522
      0.082500        5.999240       19.597500      460.894012      192.063522
      0.083500        5.999240       19.597500      460.894012      192.063522
      0.084500        5.999240       19.597500      460.894012      192.063522
      0.085500        5.999240       19.597500      460.894012      192.063522
      0.086500        5.999240       19.597500      460.894012      192.063522
      0.087500        5.999240       19.597500      460.894012      192.063522
      0.088500        5.999240       19.597500      460.894012      192.063522
      0.089500        5.999240       19.597500      460.894012      192.063522
      0.090500        5.999240       19.597500      460.894012      192.063522
      0.091500        5.999240       19.597500      460.894012      192.063522
      0.092500        5.999240       19.597500      460.894012      192.063522
      0.093500        5.999240       19.597500      460.894012      192.063522
      0.094500        5.999240       19.597500      460.894012      192.063522
      0.095500        5.999240       19.597500      460.894012      192.063522
      0.096500        5.999240       19.597500      460.894012      192.063522
      0.097500        5.999240       19.597500      460.894012      192.063522
      0.098500        5.999240       19.597500      460.894012      192.063522
      0.099500        5.999240       19.597500      460.894012      192.063522
      0.100500        5.999240       19.597500      460.894012      192.063522
      0.101500        5.999240       19.597500      460.894012      192.063522
      0.102500        5.999240       19.597500      460.894012      192.063522
      0.103500        5.999240       19.597500      460.894012      192.063522
      0.104500        5.999240       19.597500      460.894012      192.063522
      0.105500        5.999240       19.597500      460.894012      192.063522
      0.106500        5.999240       19.597500      460.894012      192.063522
      0.107500        5.999240       19.597500      460.894012      192.063522
      0.108500        5.999240       19.597500      460.894012      192.063522
      0.109500        5.999240       19.597500      460.894012      192.063522
      0.110500        5.999240       19.597500      460.894012      192.063522
      0.111500        5.999240       19.597500      460.894012      192.063522
      0.112500        5.999240       19.597500      460.894012      192.063522
      0.113500        5.999240       19.597500      460.894012      192.063522
      0.114500        5.999240       19.597500      460.894012      192.063522
      0.115500        5.999240       19.597500      460.894012      192.063522
      0.116500        5.999240       19.597500      460.894012      192.063522
      0.117500        5.999240       19.597500      460.894012      192.063522
      0.118500        5.999240       19.597500      460.894012      192.063522
      0.119500        5.999240       19.597500      460.894012      192.063522
      0.120500        5.999240       19.597500      460.894012      192.063522
      0.121500        5.999240       19.597500      460.894012      192.063522
      0.122500        5.999240       19.597500      460.894012      192.063522
      0.123500        5.999240       19.597500      460.894012      192.063522
      0.124500        5.999240       19.597500      460.894012      192.063522
      0.125500        5.999240       19.597500      460.894012      192.063522
      0.126500        5.999240       19.597500      460.894012      192.063522
      0.127500        5.999240       19.597500      460.894012      192.063522
      0.128500        5.999240       19.597500      460.894012      192.063522
      0.129500        5.999240       19.597500      460.894012      192.063522
      0.130500        5.999240       19.597500      460.894012      192.063522
      0.131500        5.999240       19.597500      460.894012      192.063522
      0.132500        5.999240       19.597500      460.894012      192.063522
      0.133500        5.999240       19.597500      460.894012      192.063522
      0.134500        5.999240       19.597500      460.894012      192.063522
      0.135500        5.999240       19.597500      460.894012      192.063522
      0.136500        5.999240       19.597500      460.894012      192.063522
      0.137500        5.999240       19.597500      460.894012      192.063522
      0.138500        5.999240       19.597500      460.894012      192.063522
      0.139500        5.999240       19.597500      460.894012      192.063522
      0.140500        5.999240       19.597500      460.894012      192.063522
      0.141500        5.999240       19.597500      460.894012      192.063522
      0.142500        5.999240       19.597500      460.894012      192.063522
      0.143500        5.999240       19.597500      460.894012      192.063522
      0.144500        5.999240       19.597500      460.894012      192.063522
      0.145500        5.999240       19.597500      460.894012      192.063522
      0.146500        5.999240       19.597500      460.894012      192.063522
      0.147500        5.999240       19.597500      460.894012      192.063522
      0.148500        5.999240       19.597500      460.894012      192.063522
      0.149500        5.999240       19.597500      460.894012      192.063522
      0.150500        5.999240       19.597500      460.894012      192.063522
      0.151500        5.999240       19.597500      460.894012      192.063522
      0.152500        5.999240       19.597500      460.894012      192.063522
      0.153500        5.999240       19.597500      460.894012      192.063522
      0.154500        5.999240       19.597500      460.894012      192.063522
      0.155500        5.999240       19.597500      460.894012      192.063522
      0.156500        5.999240       19.597500      460.894012      192.063522
      0.157500        5.999240       19.597500      460.894012      192.063522
      0.158500        5.999240       19.597500      460.894012      192.063522
      0.159500        5.999240       19.597500      460.894012      192.063522
      0.160500        5.999240       19.597500      460.894012      192.063522
      0.161500        5.999240       19.597500      460.894012      192.063522
      0.162500        5.999240       19.597500      460.894012      192.063522
      0.163500        5.999240       19.597500      460.894012      192.063522
      0.164500        5.999240       19.597500      460.894012      192.063522
      0.165500        5.999240       19.597500      460.894012      192.063522
      0.166500        5.999240       19.597500      460.894012      192.063522
      0.167500        5.999240       19.597500      460.894012      192.063522
      0.168500        5.999240       19.597500      460.894012      192.063522
      0.169500        5.999240       19.597500      460.894012      192.063522
      0.170500        5.999240       19.597500      460.894012      192.063522
      0.171500        5.999240       19.597500      460.894012      192.063522
      0.172500        5.999240       19.597500      460.894012      192.063522
      0.173500        5.999240       19.597500      460.894012      192.063522
      0.174500        5.999240       19.597500      460.894012      192.063522
      0.175500        5.999240       19.597500      460.894012      192.063522
      0.176500        5.999240       19.597500      460.894012      192.063522
      0.177500        5.999240       19.597500      460.894012      192.063522
      0.178500        5.999240       19.597500      460.894012      192.063522
      0.179500        5.999240       19.597500      460.894012      192.063522
      0.180500        5.999240       19.597500      460.894012      192.063522
      0.181500        5.999240       19.597500      460.894012      192.063522
      0.182500        5.999240       19.597500      460.894012      192.063522
      0.183500        5.999240       19.597500      460.894012      192.063522
      0.184500        5.999240       19.597500      460.894012      192.063522
      0.185500        5.999240       19.597500      460.894012      192.063522
      0.186500        5.999240       19.597500      460.894012      192.063522
      0.187500        5.999240       19.597500      460.894012      192.063522
      0.188500        5.999240       19.597500      460.894012      192.063522
      0.189500        5.999240       19.597500      460.894012      192.063522
      0.190500        5.999240       19.597500      460.894012      192.063522
      0.191500        5.999240       19.597500      460.894012      192.063522
      0.192500        5.999240       19.597500      460.894012      192.063522
      0.193500        5.999240       19.597500      460.894012      192.063522
      0.194500        5.999240       19.597500      460.894012      192.063522
      0.195500        5.999240       19.597500      460.894012      192.063522
      0.196500        5.999240       19.597500      460.894012      192.063522
      0.197500        5.999240       19.597500      460.894012      192.063522
      0.198500        5.999240       19.597500      460.894012      192.063522
      0.199500        5.999240       19.597500      460.894012      192.063522
      0.200500        5.999240       19.597500      460.894012      192.063522
      0.201500        5.999240       19.597500      460.894012      192.063522
      0.202500        5.999240       19.597500      460.894012      192.063522
      0.203500        5.999240       19.597500      460.894012      192.063522
      0.204500        5.999240       19.597500      460.894012      192.063522
      0.205500        5.999240       19.597500      460.894012      192.063522
      0.206500        5.999240       19.597500      460.894012      192.063522
      0.207500        5.999240       19.597500      460.894012      192.063522
      0.208500        5.999240       19.597500      460.894012      192.063522
      0.209500        5.999240       19.597500      460.894012      192.063522
      0.210500        5.999240       19.597500      460.894012      192.063522
      0.211500        5.999240       19.597500      460.894012      192.063522
      0.212500        5.999240       19.597500      460.894012      192.063522
      0.213500        5.999240       19.597500      460.894012      192.063522
      0.214500        5.999240       19.597500      460.894012      192.063522
      0.215500        5.999240       19.597500      460.894012      192.063522
      0.216500        5.999240       19.597500      460.894012      192.063522
      0.217500        5.999240       19.597500      460.894012      192.063522
      0.218500        5.999240       19.597500      460.894012      192.063522
      0.219500        5.999240       19.597500      460.894012      192.063522
      0.220500        5.999240       19.597500      460.894012      192.063522
      0.221500        5.999240       19.597500      460.894012      192.063522
      0.222500        5.999240       19.597500      460.894012      192.063522
      0.223500        5.999240       19.597500      460.894012      192.063522
      0.224500        5.999240       19.597500      460.894012      192.063522
      0.225500        5.999240       19.597500      460.894012      192.063522
      0.226500        5.999240       19.597500      460.894012      192.063522
      0.227500        5.999240       19.597500      460.894012      192.063522
      0.228500        5.999240       19.597500      460.894012      192.063522
      0.229500        5.999240       19.597500      460.894012      192.063522
      0.230500        5.999240       19.597500      460.894012      192.063522
      0.231500        5.999240       19.597500      460.894012      192.063522
      0.232500        5.999240       19.597500      460.894012      192.063522
      0.233500        5.999240       19.597500      460.894012      192.063522
      0.234500        5.999240       19.597500      460.894012      192.063522
      0.235500        5.999240       19.597500      460.894012      192.063522
      0.236500        5.999240       19.597500      460.894012      192.063522
      0.237500        5.999240       19.597500      460.894012      192.063522
      0.238500        5.999240       19.597500      460.894012      192.063522
      0.239500        5.999240       19.597500      460.894012      192.063522
      0.240500        5.999240       19.597500      460.894012      192.063522
      0.241500        5.999240       19.597500      460.894012      192.063522
      0.242500        5.999240       19.597500      460.894012      192.063522
      0.243500        5.999240       19.597500      460.894012      192.063522
      0.244500        5.999240       19.597500      460.894012      192.063522
      0.245500        5.999240       19.597500      460.894012      192.063522
      0.246500        5.999240       19.597500      460.894012      192.063522
      0.247500        5.999240       19.597500      460.894012      192.063522
      0.248500        5.999240       19.597500      460.894012      192.063522
      0.249500        5.999240       19.597500      460.894012      192.063522
      0.250500        5.999240       19.597500      460.894012      192.063522
      0.251500        5.999240       19.597500      460.894012      192.063522
      0.252500        5.999240       19.597500      460.894012      192.063522
      0.253500        5.999240       19.597500      460.894012      192.063522
      0.254500        5.999240       19.597500      460.894012      192.063522
      0.255500        5.999240       19.597500      460.894012      192.063522
      0.256500        5.999240       19.597500      460.894012      192.063522
      0.257500        5.999240       19.597500      460.894012      192.063522
      0.258500        5.999240       19.597500      460.894012      192.063522
      0.259500        5.999240       19.597500      460.894012      192.063522
      0.260500        5.999240       19.597500      460.894012      192.063522
      0.261500        5.999240       19.597500      460.894012      192.063522
      0.262500        5.999240       19.597500      460.894012      192.063522
      0.263500        5.999240       19.597500      460.894012      192.063522
      0.264500        5.999240       19.597500      460.894012      192.063522
      0.265500        5.999240       19.597500      460.894012      192.063522
      0.266500        5.999240       19.597500      460.894012      192.063522
      0.267500        5.999240       19.597500      460.894012      192.063522
      0.268500        5.999240       19.597500      460.894012      192.063522
      0.269500        5.999240       19.597500      460.894012      192.063522
      0.270500        5.999240       19.597500      460.894012      192.063522
      0.271500        5.999240       19.597500      460.894012      192.063522
      0.272500        5.999240       19.597500      460.894012      192.063522
      0.273500        5.999240       19.597500      460.894012      192.063522
      0.274500        5.999240       19.597500      460.894012      192.063522
      0.275500        5.999240       19.597500      460.894012      192.063522
      0.276500        5.999240       19.597500      460.894012      192.063522
      0.277500        5.999240       19.597500      460.894012      192.063522
      0.278500        5.999240       19.597500      460.894012      192.063522
      0.279500        5.999240       19.597500      460.894012      192.063522
      0.280500        5.999240       19.597500      460.894012      192.063522
      0.281500        5.999240       19.597500      460.894012      192.063522
      0.282500        5.999240       19.597500      460.894012      192.063522
      0.283500        5.999240       19.597500      460.894012      192.063522
      0.284500        5.999240       19.597500      460.894012      192.063522
      0.285500        5.999240       19.597500      460.894012      192.063522
      0.286500        5.999240       19.597500      460.894012      192.063522
      0.287500        5.999240       19.597500      460.894012      192.063522
      0.288500        5.999240       19.597500      460.894012      192.063522
      0.289500        5.999240       19.597500      460.894012      192.063522
      0.290500        5.999240       19.597500      460.894012      192.063522
      0.291500        5.999240       19.597500      460.894012      192.063522
      0.292500        5.999240       19.597500      460.894012      192.063522
      0.293500        5.999240       19.597500      460.894012      192.063522
      0.294500        5.999240       19.597500      460.894012      192.063522
      0.295500        5.999240       19.597500      460.894012      192.063522
      0.296500        5.999240       19.597500      460.894012      192.063522
      0.297500        5.999240       19.597500      460.894012      192.063522
      0.298500        5.999240       19.597500      460.894012      192.063522
      0.299500        5.999240       19.597500      460.894012      192.063522
      0.300500        5.999240       19.597500      460.894012      192.063522
      0.301500        5.999240       19.597500      460.894012      192.063522
      0.302500        5.999240       19.597500      460.894012      192.063522
      0.303500        5.999240       19.597500      460.894012      192.063522
      0.304500        5.999240       19.597500      460.894012      192.063522
      0.305500        5.999240       19.597500      460.894012      192.063522
      0.306500        5.999240       19.597500      460.894012      192.063522
      0.307500        5.999240       19.597500      460.894012      192.063522
      0.308500        5.999240       19.597500      460.894012      192.063522
      0.309500        5.999240       19.597500      460.894012      192.063522
      0.310500        5.999240       19.597500      460.894012      192.063522
      0.311500        5.999240       19.597500      460.894012      192.063522
      0.312500        5.999240       19.597500      460.894012      192.063522
      0.313500        5.999240       19.597500      460.894012      192.063522
      0.314500        5.999240       19.597500      460.894012      192.063522
      0.315500        5.999240       19.597500      460.894012      192.063522
      0.316500        5.999240       19.597500      460.894012      192.063522
      0.317500        5.999240       19.597500      460.894012      192.063522
      0.318500        5.999240       19.597500      460.894012      192.063522
      0.319500        5.999240       19.597500      460.894012      192.063522
      0.320500        5.999240       19.597500      460.894012      192.063522
      0.321500        5.999240       19.597500      460.894012      192.063522
      0.322500        5.999240       19.597500      460.894012      192.063522
      0.323500        5.999240       19.597500      460.894012      192.063522
      0.324500        5.999240       19.597500      460.894012      192.063522
      0.325500        5.999240       19.597500      460.894012      192.063522
      0.326500        5.999240       19.597500      460.894012      192.063522
      0.327500        5.999240       19.597500      460.894012      192.063522
      0.328500        5.999240       19.597500      460.894012      192.063522
      0.329500        5.999240       19.597500      460.894012      192.063522
      0.330500        5.999240       19.597500      460.894012      192.063522
      0.331500        5.999240       19.597500      460.894012      192.063522
      0.332500        5.999240       19.597500      460.894012      192.063522
      0.333500        5.999240       19.597500      460.894012      192.063522
      0.334500        5.999240       19.597500      460.894012      192.063522
      0.335500        5.999240       19.597500      460.894012      192.063522
      0.336500        5.999240       19.597500      460.894012      192.063522
      0.337500        5.999240       19.597500      460.894012      192.063522
      0.338500        5.999240       19.597500      460.894012      192.063522
      0.339500        5.999240       19.597500      460.894012      192.063522
      0.340500        5.999240       19.597500      460.894012      192.063522
      0.341500        5.999240       19.597500      460.894012      192.063522
      0.342500        5.999240       19.597500      460.894012      192.063522
      0.343500        5.999240       19.597500      460.894012      192.063522
      0.344500        5.999240       19.597500      460.894012      192.063522
      0.345500        5.999240       19.597500      460.894012      192.063522
      0.346500        5.999240       19.597500      460.894012      192.063522
      0.347500        5.999240       19.597500      460.894012      192.063522
      0.348500        5.999240       19.597500      460.894012      192.063522
      0.349500        5.999240       19.597500      460.894012      192.063522
      0.350500        5.999240       19.597500      460.894012      192.063522
      0.351500        5.999240       19.597500      460.894012      192.063522
      0.352500        5.999240       19.597500      460.894012      192.063522
      0.353500        5.999240       19.597500      460.894012      192.063522
      0.354500        5.999240       19.597500      460.894012      192.063522
      0.355500        5.999240       19.597500      460.894012      192.063522
      0.356500        5.999240       19.597500      460.894012      192.063522
      0.357500        5.999240       19.597500      460.894012      192.063522
      0.358500        5.999240       19.597500      460.894012      192.063522
      0.359500        5.999240       19.597500      460.894012      192.063522
      0.360500        5.999240       19.597500      460.894012      192.063522
      0.361500        5.999240       19.597500      460.894012      192.063522
      0.362500        5.999240       19.597500      460.894012      192.063522
      0.363500        5.999240       19.597500      460.894012      192.063522
      0.364500        5.999240       19.597500      460.894012      192.063522
      0.365500        5.999240       19.597500      460.894012      192.063522
      0.366500        5.999240       19.597500      460.894012      192.063522
      0.367500        5.999240       19.597500      460.894012      192.063522
      0.368500        5.999240       19.597500      460.894012      192.063522
      0.369500        5.999240       19.597500      460.894012      192.063522
      0.370500        5.999240       19.597500      460.894012      192.063522
      0.371500        5.999240       19.597500      460.894012      192.063522
      0.372500        5.999240       19.597500      460.894012      192.063522
      0.373500        5.999240       19.597500      460.894012      192.063522
      0.374500        5.999240       19.597500      460.894012      192.063522
      0.375500        5.999240       19.597500      460.894012      192.063522
      0.376500        5.999240       19.597500      460.894012      192.063522
      0.377500        5.999240       19.597500      460.894012      192.063522
      0.378500        5.999240       19.597500      460.894012      192.063522
      0.379500        5.999240       19.597500      460.894012      192.063522
      0.380500        5.999240       19.597500      460.894012      192.063522
      0.381500        5.999240       19.597500      460.894012      192.063522
      0.382500        5.999240       19.597500      460.894012      192.063522
      0.383500        5.999240       19.597500      460.894012      192.063522
      0.384500        5.999240       19.597500      460.894012      192.063522
      0.385500        5.999240       19.597500      460.894012      192.063522
      0.386500        5.999240       19.597500      460.894012      192.063522
      0.387500        5.999240       19.597500      460.894012      192.063522
      0.388500        5.999240       19.597500      460.894012      192.063522
      0.389500        5.999240       19.597500      460.894012      192.063522
      0.390500        5.999240       19.597500      460.894012      192.063522
      0.391500        5.999240       19.597500      460.894012      192.063522
      0.392500        5.999240       19.597500      460.894012      192.063522
      0.393500        5.999240       19.597500      460.894012      192.063522
      0.394500        5.999240       19.597500      460.894012      192.063522
      0.395500        5.999240       19.597500      460.894012      192.063522
      0.396500        5.999240       19.597500      460.894012      192.063522
      0.397500        5.999240       19.597500      460.894012      192.063522
      0.398500        5.999240       19.597500      460.894012      192.063522
      0.399500        5.999240       19.597500      460.894012      192.063522
      0.400500        5.999240       19.597500      460.894012      192.063522
      0.401500        5.999240       19.597500      460.894012      192.063522
      0.402500        5.999240       19.597500      460.894012      192.063522
      0.403500        5.999240       19.597500      460.894012      192.063522
      0.404500        5.999240       19.597500      460.894012      192.063522
      0.405500        5.999240       19.597500      460.894012      192.063522
      0.406500        5.999240       19.597500      460.894012      192.063522
      0.407500        5.999240       19.597500      460.894012      192.063522
      0.408500        5.999240       19.597500      460.894012      192.063522
      0.409500        5.999240       19.597500      460.894012      192.063522
      0.410500        5.999240       19.597500      460.894012      192.063522
      0.411500        5.999240       19.597500      460.894012      192.063522
      0.412500        5.999240       19.597500      460.894012      192.063522
      0.413500        5.999240       19.597500      460.894012      192.063522
      0.414500        5.999240       19.597500      460.894012      192.063522
      0.415500        5.999240       19.597500      460.894012      192.063522
      0.416500        5.999240       19.597500      460.894012      192.063522
      0.417500        5.999240       19.597500      460.894012      192.063522
      0.418500        5.999240       19.597500      460.894012      192.063522
      0.419500        5.999240       19.597500      460.894012      192.063522
      0.420500        5.999240       19.597500      460.894012      192.063522
      0.421500        5.999240       19.597500      460.894012      192.063522
      0.422500        5.999240       19.597500      460.894012      192.063522
      0.423500        5.999240       19.597500      460.894012      192.063522
      0.424500        5.999240       19.597500      460.894012      192.063522
      0.425500        5.999240       19.597500      460.894012      192.063522
      0.426500        5.999240       19.597500      460.894012      192.063522
      0.427500        5.999240       19.597500      460.894012      192.063522
      0.428500       14.282352        8.689775     1691.647339      296.107971
      0.429500       14.282352        8.689775     1691.647339      296.107971
      0.430500       14.282352        8.689775     1691.647339      296.107971
      0.431500       14.282352        8.689775     1691.647339      296.107971
      0.432500       14.282352        8.689775     1691.647339      296.107971
      0.433500       14.282352        8.689775     1691.647339      296.107971
      0.434500       14.282352        8.689775     1691.647339      296.107971
      0.435500       14.282352        8.689775     1691.647339      296.107971
      0.436500       14.282352        8.689775     1691.647339      296.107971
      0.437500       14.282352        8.689775     1691.647339      296.107971
      0.438500       14.282352        8.689775     1691.647339      296.107971
      0.439500       14.282352        8.689775     1691.647339      296.107971
      0.440500       14.282352        8.689775     1691.647339      296.107971
      0.441500       14.282352        8.689775     1691.647339      296.107971
      0.442500       14.282352        8.689775     1691.647339      296.107971
      0.443500       14.282352        8.689775     1691.647339      296.107971
      0.444500       14.282352        8.689775     1691.647339      296.107971
      0.445500       14.282352        8.689775     1691.647339      296.107971
      0.446500       14.282352        8.689775     1691.647339      296.107971
      0.447500       14.282352        8.689775     1691.647339      296.107971
      0.448500       14.282352        8.689775     1691.647339      296.107971
      0.449500       14.282352        8.689775     1691.647339      296.107971
      0.450500       14.282352        8.689775     1691.647339      296.107971
      0.451500       14.282352        8.689775     1691.647339      296.107971
      0.452500       14.282352        8.689775     1691.647339      296.107971
      0.453500       14.282352        8.689775     1691.647339      296.107971
      0.454500       14.282352        8.689775     1691.647339      296.107971
      0.455500       14.282352        8.689775     1691.647339      296.107971
      0.456500       14.282352        8.689775     1691.647339      296.107971
      0.457500       14.282352        8.689775     1691.647339      296.107971
      0.458500       14.282352        8.689775     1691.647339      296.107971
      0.459500       14.282352        8.689775     1691.647339      296.107971
      0.460500       14.282352        8.689775     1691.647339      296.107971
      0.461500       14.282352        8.689775     1691.647339      296.107971
      0.462500       14.282352        8.689775     1691.647339      296.107971
      0.463500       14.282352        8.689775     1691.647339      296.107971
      0.464500       14.282352        8.689775     1691.647339      296.107971
      0.465500       14.282352        8.689775     1691.647339      296.107971
      0.466500       14.282352        8.689775     1691.647339      296.107971
      0.467500       14.282352        8.689775     1691.647339      296.107971
      0.468500       14.282352        8.689775     1691.647339      296.107971
      0.469500       14.282352        8.689775     1691.647339      296.107971
      0.470500       14.282352        8.689775     1691.647339      296.107971
      0.471500       14.282352        8.689775     1691.647339      296.107971
      0.472500       14.282352        8.689775     1691.647339      296.107971
      0.473500       14.282352        8.689775     1691.647339      296.107971
      0.474500       14.282352        8.689775     1691.647339      296.107971
      0.475500       14.282352        8.689775     1691.647339      296.107971
      0.476500       14.282352        8.689775     1691.647339      296.107971
      0.477500       14.282352        8.689775     1691.647339      296.107971
      0.478500       14.282352        8.689775     1691.647339      296.107971
      0.479500       14.282352        8.689775     1691.647339      296.107971
      0.480500       14.282352        8.689775     1691.647339      296.107971
      0.481500       14.282352        8.689775     1691.647339      296.107971
      0.482500       14.282352        8.689775     1691.647339      296.107971
      0.483500       14.282352        8.689775     1691.647339      296.107971
      0.484500       14.282352        8.689775     1691.647339      296.107971
      0.485500       14.282352        8.689775     1691.647339      296.107971
      0.486500       14.282352        8.689775     1691.647339      296.107971
      0.487500       14.282352        8.689775     1691.647339      296.107971
      0.488500       14.282352        8.689775     1691.647339      296.107971
      0.489500       14.282352        8.689775     1691.647339      296.107971
      0.490500       14.282352        8.689775     1691.647339      296.107971
      0.491500       14.282352        8.689775     1691.647339      296.107971
      0.492500       14.282352        8.689775     1691.647339      296.107971
      0.493500       14.282352        8.689775     1691.647339      296.107971
      0.494500       14.282352        8.689775     1691.647339      296.107971
      0.495500       14.282352        8.689775     1691.647339      296.107971
      0.496500       14.282352        8.689775     1691.647339      296.107971
      0.497500       14.282352        8.689775     1691.647339      296.107971
      0.498500       14.282352        8.689775     1691.647339      296.107971
      0.499500       14.282352        8.689775     1691.647339      296.107971
      0.500500       14.282352        8.689775     1691.647339      296.107971
      0.501500       14.282352        8.689775     1691.647339      296.107971
      0.502500       14.282352        8.689775     1691.647339      296.107971
      0.503500       14.282352        8.689775     1691.647339      296.107971
      0.504500       14.282352        8.689775     1691.647339      296.107971
      0.505500       14.282352        8.689775     1691.647339      296.107971
      0.506500       14.282352        8.689775     1691.647339      296.107971
      0.507500       14.282352        8.689775     1691.647339      296.107971
      0.508500       14.282352        8.689775     1691.647339      296.107971
      0.509500       14.282352        8.689775     1691.647339      296.107971
      0.510500       14.282352        8.689775     1691.647339      296.107971
      0.511500       14.282352        8.689775     1691.647339      296.107971
      0.512500       14.282352        8.689775     1691.647339      296.107971
      0.513500       14.282352        8.689775     1691.647339      296.107971
      0.514500       14.282352        8.689775     1691.647339      296.107971
      0.515500       14.282352        8.689775     1691.647339      296.107971
      0.516500       14.282352        8.689775     1691.647339      296.107971
      0.517500       14.282352        8.689775     1691.647339      296.107971
      0.518500       14.282352        8.689775     1691.647339      296.107971
      0.519500       14.282352        8.689775     1691.647339      296.107971
      0.520500       14.282352        8.689775     1691.647339      296.107971
      0.521500       14.282352        8.689775     1691.647339      296.107971
      0.522500       14.282352        8.689775     1691.647339      296.107971
      0.523500       14.282352        8.689775     1691.647339      296.107971
      0.524500       14.282352        8.689775     1691.647339      296.107971
      0.525500       14.282352        8.689775     1691.647339      296.107971
      0.526500       14.282352        8.689775     1691.647339      296.107971
      0.527500       14.282352        8.689775     1691.647339      296.107971
      0.528500       14.282352        8.689775     1691.647339      296.107971
      0.529500       14.282352        8.689775     1691.647339      296.107971
      0.530500       14.282352        8.689775     1691.647339      296.107971
      0.531500       14.282352        8.689775     1691.647339      296.107971
      0.532500       14.282352        8.689775     1691.647339      296.107971
      0.533500       14.282352        8.689775     1691.647339      296.107971
      0.534500       14.282352        8.689775     1691.647339      296.107971
      0.535500       14.282352        8.689775     1691.647339      296.107971
      0.536500       14.282352        8.689775     1691.647339      296.107971
      0.537500       14.282352        8.689775     1691.647339      296.107971
      0.538500       14.282352        8.689775     1691.647339      296.107971
      0.539500       14.282352        8.689775     1691.647339      296.107971
      0.540500       14.282352        8.689775     1691.647339      296.107971
      0.541500       14.282352        8.689775     1691.647339      296.107971
      0.542500       14.282352        8.689775     1691.647339      296.107971
      0.543500       14.282352        8.689775     1691.647339      296.107971
      0.544500       14.282352        8.689775     1691.647339      296.107971
      0.545500       14.282352        8.689775     1691.647339      296.107971
      0.546500       14.282352        8.689775     1691.647339      296.107971
      0.547500       14.282352        8.689775     1691.647339      296.107971
      0.548500       14.282352        8.689775     1691.647339      296.107971
      0.549500       14.282352        8.689775     1691.647339      296.107971
      0.550500       14.282352        8.689775     1691.647339      296.107971
      0.551500       14.282352        8.689775     1691.647339      296.107971
      0.552500       14.282352        8.689775     1691.647339      296.107971
      0.553500       14.282352        8.689775     1691.647339      296.107971
      0.554500       14.282352        8.689775     1691.647339      296.107971
      0.555500       14.282352        8.689775     1691.647339      296.107971
      0.556500       14.282352        8.689775     1691.647339      296.107971
      0.557500       14.282352        8.689775     1691.647339      296.107971
      0.558500       14.282352        8.689775     1691.647339      296.107971
      0.559500       14.282352        8.689775     1691.647339      296.107971
      0.560500       14.282352        8.689775     1691.647339      296.107971
      0.561500       14.282352        8.689775     1691.647339      296.107971
      0.562500       14.282352        8.689775     1691.647339      296.107971
      0.563500       14.282352        8.689775     1691.647339      296.107971
      0.564500       14.282352        8.689775     1691.647339      296.107971
      0.565500       14.282352        8.689775     1691.647339      296.107971
      0.566500       14.282352        8.689775     1691.647339      296.107971
      0.567500       14.282352        8.689775     1691.647339      296.107971
      0.568500       14.282352        8.689775     1691.647339      296.107971
      0.569500       14.282352        8.689775     1691.647339      296.107971
      0.570500       14.282352        8.689775     1691.647339      296.107971
      0.571500       14.282352        8.689775     1691.647339      296.107971
      0.572500       14.282352        8.689775     1691.647339      296.107971
      0.573500       14.282352        8.689775     1691.647339      296.107971
      0.574500       14.282352        8.689775     1691.647339      296.107971
      0.575500       14.282352        8.689775     1691.647339      296.107971
      0.576500       14.282352        8.689775     1691.647339      296.107971
      0.577500       14.282352        8.689775     1691.647339      296.107971
      0.578500       14.282352        8.689775     1691.647339      296.107971
      0.579500       14.282352        8.689775     1691.647339      296.107971
      0.580500       14.282352        8.689775     1691.647339      296.107971
      0.581500       14.282352        8.689775     1691.647339      296.107971
      0.582500       14.282352        8.689775     1691.647339      296.107971
      0.583500       14.282352        8.689775     1691.647339      296.107971
      0.584500       14.282352        8.689775     1691.647339      296.107971
      0.585500       14.282352        8.689775     1691.647339      296.107971
      0.586500       14.282352        8.689775     1691.647339      296.107971
      0.587500       14.282352        8.689775     1691.647339      296.107971
      0.588500       14.282352        8.689775     1691.647339      296.107971
      0.589500       14.282352        8.689775     1691.647339      296.107971
      0.590500       14.282352        8.689775     1691.647339      296.107971
      0.591500       14.282352        8.689775     1691.647339      296.107971
      0.592500       14.282352        8.689775     1691.647339      296.107971
      0.593500       14.282352        8.689775     1691.647339      296.107971
      0.594500       14.282352        8.689775     1691.647339      296.107971
      0.595500       14.282352        8.689775     1691.647339      296.107971
      0.596500       14.282352        8.689775     1691.647339      296.107971
      0.597500       14.282352        8.689775     1691.647339      296.107971
      0.598500       14.282352        8.689775     1691.647339      296.107971
      0.599500       14.282352        8.689775     1691.647339      296.107971
      0.600500       14.282352        8.689775     1691.647339      296.107971
      0.601500       14.282352        8.689775     1691.647339      296.107971
      0.602500       14.282352        8.689775     1691.647339      296.107971
      0.603500       14.282352        8.689775     1691.647339      296.107971
      0.604500       14.282352        8.689775     1691.647339      296.107971
      0.605500       14.282352        8.689775     1691.647339      296.107971
      0.606500       14.282352        8.689775     1691.647339      296.107971
      0.607500       14.282352        8.689775     1691.647339      296.107971
      0.608500       14.282352        8.689775     1691.647339      296.107971
      0.609500       14.282352        8.689775     1691.647339      296.107971
      0.610500       14.282352        8.689775     1691.647339      296.107971
      0.611500       14.282352        8.689775     1691.647339      296.107971
      0.612500       14.282352        8.689775     1691.647339      296.107971
      0.613500       14.282352        8.689775     1691.647339      296.107971
      0.614500       14.282352        8.689775     1691.647339      296.107971
      0.615500       14.282352        8.689775     1691.647339      296.107971
      0.616500       14.282352        8.689775     1691.647339      296.107971
      0.617500       14.282352        8.689775     1691.647339      296.107971
      0.618500       14.282352        8.689775     1691.647339      296.107971
      0.619500       14.282352        8.689775     1691.647339      296.107971
      0.620500       14.282352        8.689775     1691.647339      296.107971
      0.621500       14.282352        8.689775     1691.647339      296.107971
      0.622500       14.282352        8.689775     1691.647339      296.107971
      0.623500       14.282352        8.689775     1691.647339      296.107971
      0.624500       14.282352        8.689775     1691.647339      296.107971
      0.625500       14.282352        8.689775     1691.647339      296.107971
      0.626500       14.282352        8.689775     1691.647339      296.107971
      0.627500       14.282352        8.689775     1691.647339      296.107971
      0.628500       14.282352        8.689775     1691.647339      296.107971
      0.629500       14.282352        8.689775     1691.647339      296.107971
      0.630500       14.282352        8.689775     1691.647339      296.107971
      0.631500       14.282352        8.689775     1691.647339      296.107971
      0.632500       14.282352        8.689775     1691.647339      296.107971
      0.633500       14.282352        8.689775     1691.647339      296.107971
      0.634500       14.282352        8.689775     1691.647339      296.107971
      0.635500       14.282352        8.689775     1691.647339      296.107971
      0.636500       14.282352        8.689775     1691.647339      296.107971
      0.637500       14.282352        8.689775     1691.647339      296.107971
      0.638500       14.282352        8.689775     1691.647339      296.107971
      0.639500       14.282352        8.689775     1691.647339      296.107971
      0.640500       14.282352        8.689775     1691.647339      296.107971
      0.641500       14.282352        8.689775     1691.647339      296.107971
      0.642500       14.282352        8.689775     1691.647339      296.107971
      0.643500       14.282352        8.689775     1691.647339      296.107971
      0.644500       14.282352        8.689775     1691.647339      296.107971
      0.645500       14.282352        8.689775     1691.647339      296.107971
      0.646500       14.282352        8.689775     1691.647339      296.107971
      0.647500       14.282352        8.689775     1691.647339      296.107971
      0.648500       14.282352        8.689775     1691.647339      296.107971
      0.649500       14.282352        8.689775     1691.647339      296.107971
      0.650500       14.282352        8.689775     1691.647339      296.107971
      0.651500       14.282352        8.689775     1691.647339      296.107971
      0.652500       14.282352        8.689775     1691.647339      296.107971
      0.653500       14.282352        8.689775     1691.647339      296.107971
      0.654500       14.282352        8.689775     1691.647339      296.107971
      0.655500       14.282352        8.689775     1691.647339      296.107971
      0.656500       14.282352        8.689775     1691.647339      296.107971
      0.657500       14.282352        8.689775     1691.647339      296.107971
      0.658500       14.282352        8.689775     1691.647339      296.107971
      0.659500       14.282352        8.689775     1691.647339      296.107971
      0.660500       14.282352        8.689775     1691.647339      296.107971
      0.661500       14.282352        8.689775     1691.647339      296.107971
      0.662500       14.282352        8.689775     1691.647339      296.107971
      0.663500       14.282352        8.689775     1691.647339      296.107971
      0.664500       14.282352        8.689775     1691.647339      296.107971
      0.665500       14.282352        8.689775     1691.647339      296.107971
      0.666500       14.282352        8.689775     1691.647339      296.107971
      0.667500       14.282352        8.689775     1691.647339      296.107971
      0.668500       14.282352        8.689775     1691.647339      296.107971
      0.669500       14.282352        8.689775     1691.647339      296.107971
      0.670500       14.282352        8.689775     1691.647339      296.107971
      0.671500       14.282352        8.689775     1691.647339      296.107971
      0.672500       14.282352        8.689775     1691.647339      296.107971
      0.673500       14.282352        8.689775     1691.647339      296.107971
      0.674500       14.282352        8.689775     1691.647339      296.107971
      0.675500       14.282352        8.689775     1691.647339      296.107971
      0.676500       14.282352        8.689775     1691.647339      296.107971
      0.677500       14.282352        8.689775     1691.647339      296.107971
      0.678500       14.282352        8.689775     1691.647339      296.107971
      0.679500       14.282352        8.689775     1691.647339      296.107971
      0.680500       14.282352        8.689775     1691.647339      296.107971
      0.681500       14.282352        8.689775     1691.647339      296.107971
      0.682500       14.282352        8.689775     1691.647339      296.107971
      0.683500       14.282352        8.689775     1691.647339      296.107971
      0.684500       14.282352        8.689775     1691.647339      296.107971
      0.685500       14.282352        8.689775     1691.647339      296.107971
      0.686500       14.282352        8.689775     1691.647339      296.107971
      0.687500       14.282352        8.689775     1691.647339      296.107971
      0.688500       14.282352        8.689775     1691.647339      296.107971
      0.689500       14.282352        8.689775     1691.647339      296.107971
      0.690500       14.282352        8.689775     1691.647339      296.107971
      0.691500       14.282352        8.689775     1691.647339      296.107971
      0.692500       14.282352        8.689775     1691.647339      296.107971
      0.693500       14.282352        8.689775     1691.647339      296.107971
      0.694500       14.282352        8.689775     1691.647339      296.107971
      0.695500       14.282352        8.689775     1691.647339      296.107971
      0.696500       14.282352        8.689775     1691.647339      296.107971
      0.697500       14.282352        8.689775     1691.647339      296.107971
      0.698500       14.282352        8.689775     1691.647339      296.107971
      0.699500       14.282352        8.689775     1691.647339      296.107971
      0.700500       14.282352        8.689775     1691.647339      296.107971
      0.701500       14.282352        8.689775     1691.647339      296.107971
      0.702500       14.282352        8.689775     1691.647339      296.107971
      0.703500       14.282352        8.689775     1691.647339      296.107971
      0.704500       31.042604        8.689775     1691.647339      136.235947
      0.705500       31.042604        8.689775     1691.647339      136.235947
      0.706500       31.042604        8.689775     1691.647339      136.235947
      0.707500       31.042604        8.689775     1691.647339      136.235947
      0.708500       31.042604        8.689775     1691.647339      136.235947
      0.709500       31.042604        8.689775     1691.647339      136.235947
      0.710500       31.042604        8.689775     1691.647339      136.235947
      0.711500       31.042604        8.689775     1691.647339      136.235947
      0.712500       31.042604        8.689775     1691.647339      136.235947
      0.713500       31.042604        8.689775     1691.647339      136.235947
      0.714500       31.042604        8.689775     1691.647339      136.235947
      0.715500       31.042604        8.689775     1691.647339      136.235947
      0.716500       31.042604        8.689775     1691.647339      136.235947
      0.717500       31.042604        8.689775     1691.647339      136.235947
      0.718500       31.042604        8.689775     1691.647339      136.235947
      0.719500       31.042604        8.689775     1691.647339      136.235947
      0.720500       31.042604        8.689775     1691.647339      136.235947
      0.721500       31.042604        8.689775     1691.647339      136.235947
      0.722500       31.042604        8.689775     1691.647339      136.235947
      0.723500       31.042604        8.689775     1691.647339      136.235947
      0.724500       31.042604        8.689775     1691.647339      136.235947
      0.725500       31.042604        8.689775     1691.647339      136.235947
      0.726500       31.042604        8.689775     1691.647339      136.235947
      0.727500       31.042604        8.689775     1691.647339      136.235947
      0.728500       31.042604        8.689775     1691.647339      136.235947
      0.729500       31.042604        8.689775     1691.647339      136.235947
      0.730500       31.042604        8.689775     1691.647339      136.235947
      0.731500       31.042604        8.689775     1691.647339      136.235947
      0.732500       31.042604        8.689775     1691.647339      136.235947
      0.733500       31.042604        8.689775     1691.647339      136.235947
      0.734500       31.042604        8.689775     1691.647339      136.235947
      0.735500       31.042604        8.689775     1691.647339      136.235947
      0.736500       31.042604        8.689775     1691.647339      136.235947
      0.737500       31.042604        8.689775     1691.647339      136.235947
      0.738500       31.042604        8.689775     1691.647339      136.235947
      0.739500       31.042604        8.689775     1691.647339      136.235947
      0.740500       31.042604        8.689775     1691.647339      136.235947
      0.741500       31.042604        8.689775     1691.647339      136.235947
      0.742500       31.042604        8.689775     1691.647339      136.235947
      0.743500       31.042604        8.689775     1691.647339      136.235947
      0.744500       31.042604        8.689775     1691.647339      136.235947
      0.745500       31.042604        8.689775     1691.647339      136.235947
      0.746500       31.042604        8.689775     1691.647339      136.235947
      0.747500       31.042604        8.689775     1691.647339      136.235947
      0.748500       31.042604        8.689775     1691.647339      136.235947
      0.749500       31.042604        8.689775     1691.647339      136.235947
      0.750500       31.042604        8.689775     1691.647339      136.235947
      0.751500       31.042604        8.689775     1691.647339      136.235947
      0.752500       31.042604        8.689775     1691.647339      136.235947
      0.753500       31.042604        8.689775     1691.647339      136.235947
      0.754500       31.042604        8.689775     1691.647339      136.235947
      0.755500       31.042604        8.689775     1691.647339      136.235947
      0.756500       31.042604        8.689775     1691.647339      136.235947
      0.757500       31.042604        8.689775     1691.647339      136.235947
      0.758500       31.042604        8.689775     1691.647339      136.235947
      0.759500       31.042604        8.689775     1691.647339      136.235947
      0.760500       31.042604        8.689775     1691.647339      136.235947
      0.761500       31.042604        8.689775     1691.647339      136.235947
      0.762500       31.042604        8.689775     1691.647339      136.235947
      0.763500       31.042604        8.689775     1691.647339      136.235947
      0.764500       31.042604        8.689775     1691.647339      136.235947
      0.765500       31.042604        8.689775     1691.647339      136.235947
      0.766500       31.042604        8.689775     1691.647339      136.235947
      0.767500       31.042604        8.689775     1691.647339      136.235947
      0.768500       31.042604        8.689775     1691.647339      136.235947
      0.769500       31.042604        8.689775     1691.647339      136.235947
      0.770500       31.042604        8.689775     1691.647339      136.235947
      0.771500       31.042604        8.689775     1691.647339      136.235947
      0.772500       31.042604        8.689775     1691.647339      136.235947
      0.773500       31.042604        8.689775     1691.647339      136.235947
      0.774500       31.042604        8.689775     1691.647339      136.235947
      0.775500       31.042604        8.689775     1691.647339      136.235947
      0.776500       31.042604        8.689775     1691.647339      136.235947
      0.777500       31.042604        8.689775     1691.647339      136.235947
      0.778500       31.042604        8.689775     1691.647339      136.235947
      0.779500       31.042604        8.689775     1691.647339      136.235947
      0.780500       31.042604        8.689775     1691.647339      136.235947
      0.781500       31.042604        8.689775     1691.647339      136.235947
      0.782500       31.042604        8.689775     1691.647339      136.235947
      0.783500       31.042604        8.689775     1691.647339      136.235947
      0.784500       31.042604        8.689775     1691.647339      136.235947
      0.785500       31.042604        8.689775     1691.647339      136.235947
      0.786500       31.042604        8.689775     1691.647339      136.235947
      0.787500       31.042604        8.689775     1691.647339      136.235947
      0.788500       31.042604        8.689775     1691.647339      136.235947
      0.789500       31.042604        8.689775     1691.647339      136.235947
      0.790500       31.042604        8.689775     1691.647339      136.235947
      0.791500       31.042604        8.689775     1691.647339      136.235947
      0.792500       31.042604        8.689775     1691.647339      136.235947
      0.793500       31.042604        8.689775     1691.647339      136.235947
      0.794500       31.042604        8.689775     1691.647339      136.235947
      0.795500       31.042604        8.689775     1691.647339      136.235947
      0.796500       31.042604        8.689775     1691.647339      136.235947
      0.797500       31.042604        8.689775     1691.647339      136.235947
      0.798500       31.042604        8.689775     1691.647339      136.235947
      0.799500       31.042604        8.689775     1691.647339      136.235947
      0.800500       31.042604        8.689775     1691.647339      136.235947
      0.801500       31.042604        8.689775     1691.647339      136.235947
      0.802500       31.042604        8.689775     1691.647339      136.235947
      0.803500       31.042604        8.689775     1691.647339      136.235947
      0.804500       31.042604        8.689775     1691.647339      136.235947
      0.805500       31.042604        8.689775     1691.647339      136.235947
      0.806500       31.042604        8.689775     1691.647339      136.235947
      0.807500       31.042604        8.689775     1691.647339      136.235947
      0.808500       31.042604        8.689775     1691.647339      136.235947
      0.809500       31.042604        8.689775     1691.647339      136.235947
      0.810500       31.042604        8.689775     1691.647339      136.235947
      0.811500       31.042604        8.689775     1691.647339      136.235947
      0.812500       31.042604        8.689775     1691.647339      136.235947
      0.813500       31.042604        8.689775     1691.647339      136.235947
      0.814500       31.042604        8.689775     1691.647339      136.235947
      0.815500       31.042604        8.689775     1691.647339      136.235947
      0.816500       31.042604        8.689775     1691.647339      136.235947
      0.817500       31.042604        8.689775     1691.647339      136.235947
      0.818500       31.042604        8.689775     1691.647339      136.235947
      0.819500       31.042604        8.689775     1691.647339      136.235947
      0.820500       31.042604        8.689775     1691.647339      136.235947
      0.821500       31.042604        8.689775     1691.647339      136.235947
      0.822500       31.042604        8.689775     1691.647339      136.235947
      0.823500       31.042604        8.689775     1691.647339      136.235947
      0.824500       31.042604        8.689775     1691.647339      136.235947
      0.825500       31.042604        8.689775     1691.647339      136.235947
      0.826500       31.042604        8.689775     1691.647339      136.235947
      0.827500       31.042604        8.689775     1691.647339      136.235947
      0.828500       31.042604        8.689775     1691.647339      136.235947
      0.829500        5.992420       -6.196330       46.095001       19.230545
      0.830500        5.992420       -6.196330       46.095001       19.230545
      0.831500        5.992420       -6.196330       46.095001       19.230545
      0.832500        5.992420       -6.196330       46.095001       19.230545
      0.833500        5.992420       -6.196330       46.095001       19.230545
      0.834500        5.992420       -6.196330       46.095001       19.230545
      0.835500        5.992420       -6.196330       46.095001       19.230545
      0.836500        5.992420       -6.196330       46.095001       19.230545
      0.837500        5.992420       -6.196330       46.095001       19.230545
      0.838500        5.992420       -6.196330       46.095001       19.230545
      0.839500        5.992420       -6.196330       46.095001       19.230545
      0.840500        5.992420       -6.196330       46.095001       19.230545
      0.841500        5.992420       -6.196330       46.095001       19.230545
      0.842500        5.992420       -6.196330       46.095001       19.230545
      0.843500        5.992420       -6.196330       46.095001       19.230545
      0.844500        5.992420       -6.196330       46.095001       19.230545
      0.845500        5.992420       -6.196330       46.095001       19.230545
      0.846500        5.992420       -6.196330       46.095001       19.230545
      0.847500        5.992420       -6.196330       46.095001       19.230545
      0.848500        5.992420       -6.196330       46.095001       19.230545
      0.849500        5.992420       -6.196330       46.095001       19.230545
      0.850500        5.992420       -6.196330       46.095001       19.230545
      0.851500        5.992420       -6.196330       46.095001       19.230545
      0.852500        5.992420       -6.196330       46.095001       19.230545
      0.853500        5.992420       -6.196330       46.095001       19.230545
      0.854500        5.992420       -6.196330       46.095001       19.230545
      0.855500        5.992420       -6.196330       46.095001       19.230545
      0.856500        5.992420       -6.196330       46.095001       19.230545
      0.857500        5.992420       -6.196330       46.095001       19.230545
      0.858500        5.992420       -6.196330       46.095001       19.230545
      0.859500        5.992420       -6.196330       46.095001       19.230545
      0.860500        5.992420       -6.196330       46.095001       19.230545
      0.861500        5.992420       -6.196330       46.095001       19.230545
      0.862500        5.992420       -6.196330       46.095001       19.230545
      0.863500        5.992420       -6.196330       46.095001       19.230545
      0.864500        5.992420       -6.196330       46.095001       19.230545
      0.865500        5.992420       -6.196330       46.095001       19.230545
      0.866500        5.992420       -6.196330       46.095001       19.230545
      0.867500        5.992420       -6.196330       46.095001       19.230545
      0.868500        5.992420       -6.196330       46.095001       19.230545
      0.869500        5.992420       -6.196330       46.095001       19.230545
      0.870500        5.992420       -6.196330       46.095001       19.230545
      0.871500        5.992420       -6.196330       46.095001       19.230545
      0.872500        5.992420       -6.196330       46.095001       19.230545
      0.873500        5.992420       -6.196330       46.095001       19.230545
      0.874500        5.992420       -6.196330       46.095001       19.230545
      0.875500        5.992420       -6.196330       46.095001       19.230545
      0.876500        5.992420       -6.196330       46.095001       19.230545
      0.877500        5.992420       -6.196330       46.095001       19.230545
      0.878500        5.992420       -6.196330       46.095001       19.230545
      0.879500        5.992420       -6.196330       46.095001       19.230545
      0.880500        5.992420       -6.196330       46.095001       19.230545
      0.881500        5.992420       -6.196330       46.095001       19.230545
      0.882500        5.992420       -6.196330       46.095001       19.230545
      0.883500        5.992420       -6.196330       46.095001       19.230545
      0.884500        5.992420       -6.196330       46.095001       19.230545
      0.885500        5.992420       -6.196330       46.095001       19.230545
      0.886500        5.992420       -6.196330       46.095001       19.230545
      0.887500        5.992420       -6.196330       46.095001       19.230545
      0.888500        5.992420       -6.196330       46.095001       19.230545
      0.889500        5.992420       -6.196330       46.095001       19.230545
      0.890500        5.992420       -6.196330       46.095001       19.230545
      0.891500        5.992420       -6.196330       46.095001       19.230545
      0.892500        5.992420       -6.196330       46.095001       19.230545
      0.893500        5.992420       -6.196330       46.095001       19.230545
      0.894500        5.992420       -6.196330       46.095001       19.230545
      0.895500        5.992420       -6.196330       46.095001       19.230545
      0.896500        5.992420       -6.196330       46.095001       19.230545
      0.897500        5.992420       -6.196330       46.095001       19.230545
      0.898500        5.992420       -6.196330       46.095001       19.230545
      0.899500        5.992420       -6.196330       46.095001       19.230545
      0.900500        5.992420       -6.196330       46.095001       19.230545
      0.901500        5.992420       -6.196330       46.095001       19.230545
      0.902500        5.992420       -6.196330       46.095001       19.230545
      0.903500        5.992420       -6.196330       46.095001       19.230545
      0.904500        5.992420       -6.196330       46.095001       19.230545
      0.905500        5.992420       -6.196330       46.095001       19.230545
      0.906500        5.992420       -6.196330       46.095001       19.230545
      0.907500        5.992420       -6.196330       46.095001       19.230545
      0.908500        5.992420       -6.196330       46.095001       19.230545
      0.909500        5.992420       -6.196330       46.095001       19.230545
      0.910500        5.992420       -6.196330       46.095001       19.230545
      0.911500        5.992420       -6.196330       46.095001       19.230545
      0.912500        5.992420       -6.196330       46.095001       19.230545
      0.913500        5.992420       -6.196330       46.095001       19.230545
      0.914500        5.992420       -6.196330       46.095001       19.230545
      0.915500        5.992420       -6.196330       46.095001       19.230545
      0.916500        5.992420       -6.196330       46.095001       19.230545
      0.917500        5.992420       -6.196330       46.095001       19.230545
      0.918500        5.992420       -6.196330       46.095001       19.230545
      0.919500        5.992420       -6.196330       46.095001       19.230545
      0.920500        5.992420       -6.196330       46.095001       19.230545
      0.921500        5.992420       -6.196330       46.095001       19.230545
      0.922500        5.992420       -6.196330       46.095001       19.230545
      0.923500        5.992420       -6.196330       46.095001       19.230545
      0.924500        5.992420       -6.196330       46.095001       19.230545
      0.925500        5.992420       -6.196330       46.095001       19.230545
      0.926500        5.992420       -6.196330       46.095001       19.230545
      0.927500        5.992420       -6.196330       46.095001       19.230545
      0.928500        5.992420       -6.196330       46.095001       19.230545
      0.929500        5.992420       -6.196330       46.095001       19.230545
      0.930500        5.992420       -6.196330       46.095001       19.230545
      0.931500        5.992420       -6.196330       46.095001       19.230545
      0.932500        5.992420       -6.196330       46.095001       19.230545
      0.933500        5.992420       -6.196330       46.095001       19.230545
      0.934500        5.992420       -6.196330       46.095001       19.230545
      0.935500        5.992420       -6.196330       46.095001       19.230545
      0.936500        5.992420       -6.196330       46.095001       19.230545
      0.937500        5.992420       -6.196330       46.095001       19.230545
      0.938500        5.992420       -6.196330       46.095001       19.230545
      0.939500        5.992420       -6.196330       46.095001       19.230545
      0.940500        5.992420       -6.196330       46.095001       19.230545
      0.941500        5.992420       -6.196330       46.095001       19.230545
      0.942500        5.992420       -6.196330       46.095001       19.230545
      0.943500        5.992420       -6.196330       46.095001       19.230545
      0.944500        5.992420       -6.196330       46.095001       19.230545
      0.945500        5.992420       -6.196330       46.095001       19.230545
      0.946500        5.992420       -6.196330       46.095001       19.230545
      0.947500        5.992420       -6.196330       46.095001       19.230545
      0.948500        5.992420       -6.196330       46.095001       19.230545
      0.949500        5.992420       -6.196330       46.095001       19.230545
      0.950500        5.992420       -6.196330       46.095001       19.230545
      0.951500        5.992420       -6.196330       46.095001       19.230545
      0.952500        5.992420       -6.196330       46.095001       19.230545
      0.953500        5.992420       -6.196330       46.095001       19.230545
      0.954500        5.992420       -6.196330       46.095001       19.230545
      0.955500        5.992420       -6.196330       46.095001       19.230545
      0.956500        5.992420       -6.196330       46.095001       19.230545
      0.957500        5.992420       -6.196330       46.095001       19.230545
      0.958500        5.992420       -6.196330       46.095001       19.230545
      0.959500        5.992420       -6.196330       46.095001       19.230545
      0.960500        5.992420       -6.196330       46.095001       19.230545
      0.961500        5.992420       -6.196330       46.095001       19.230545
      0.962500        5.992420       -6.196330       46.095001       19.230545
      0.963500        5.992420       -6.196330       46.095001       19.230545
      0.964500        5.992420       -6.196330       46.095001       19.230545
      0.965500        5.992420       -6.196330       46.095001       19.230545
      0.966500        5.992420       -6.196330       46.095001       19.230545
      0.967500        5.992420       -6.196330       46.095001       19.230545
      0.968500        5.992420       -6.196330       46.095001       19.230545
      0.969500        5.992420       -6.196330       46.095001       19.230545
      0.970500        5.992420       -6.196330       46.095001       19.230545
      0.971500        5.992420       -6.196330       46.095001       19.230545
      0.972500        5.992420       -6.196330       46.095001       19.230545
      0.973500        5.992420       -6.196330       46.095001       19.230545
      0.974500        5.992420       -6.196330       46.095001       19.230545
      0.975500        5.992420       -6.196330       46.095001       19.230545
      0.976500        5.992420       -6.196330       46.095001       19.230545
      0.977500        5.992420       -6.196330       46.095001       19.230545
      0.978500        5.992420       -6.196330       46.095001       19.230545
      0.979500        5.992420       -6.196330       46.095001       19.230545
      0.980500        5.992420       -6.196330       46.095001       19.230545
      0.981500        5.992420       -6.196330       46.095001       19.230545
      0.982500        5.992420       -6.196330       46.095001       19.230545
      0.983500        5.992420       -6.196330       46.095001       19.230545
      0.984500        5.992420       -6.196330       46.095001       19.230545
      0.985500        5.992420       -6.196330       46.095001       19.230545
      0.986500        5.992420       -6.196330       46.095001       19.230545
      0.987500        5.992420       -6.196330       46.095001       19.230545
      0.988500        5.992420       -6.196330       46.095001       19.230545
      0.989500        5.992420       -6.196330       46.095001       19.230545
      0.990500        5.992420       -6.196330       46.095001       19.230545
      0.991500        5.992420       -6.196330       46.095001       19.230545
      0.992500        5.992420       -6.196330       46.095001       19.230545
      0.993500        5.992420       -6.196330       46.095001       19.230545
      0.994500        5.992420       -6.196330       46.095001       19.230545
      0.995500        5.992420       -6.196330       46.095001       19.230545
      0.996500        5.992420       -6.196330       46.095001       19.230545
      0.997500        5.992420       -6.196330       46.095001       19.230545
      0.998500        5.992420       -6.196330       46.095001       19.230545
      0.999500        5.992420       -6.196330       46.095001       19.230545
