      0.000500        3.860000       -0.810000       10.330000        6.690415
      0.001500        3.860000       -0.810000       10.330000        6.690415
      0.002500        3.860000       -0.810000       10.330000        6.690415
      0.003500        3.860000       -0.810000       10.330000        6.690415
      0.004500        3.860000       -0.810000       10.330000        6.690415
      0.005500        3.860000       -0.810000       10.330000        6.690415
      0.006500        3.860000       -0.810000       10.330000        6.690415
      0.007500        3.860000       -0.810000       10.330000        6.690415
      0.008500        3.860000       -0.810000       10.330000        6.690415
      0.009500        3.860000       -0.810000       10.330000        6.690415
      0.010500        3.860000       -0.810000       10.330000        6.690415
      0.011500        3.860000       -0.810000       10.330000        6.690415
      0.012500        3.860000       -0.810000       10.330000        6.690415
      0.013500        3.860000       -0.810000       10.330000        6.690415
      0.014500        3.860000       -0.810000       10.330000        6.690415
      0.015500        3.860000       -0.810000       10.330000        6.690415
      0.016500        3.860000       -0.810000       10.330000        6.690415
      0.017500        3.860000       -0.810000       10.330000        6.690415
      0.018500        3.860000       -0.810000       10.330000        6.690415
      0.019500        3.860000       -0.810000       10.330000        6.690415
      0.020500        3.860000       -0.810000       10.330000        6.690415
      0.021500        3.860000       -0.810000       10.330000        6.690415
      0.022500        3.860000       -0.810000       10.330000        6.690415
      0.023500        3.860000       -0.810000       10.330000        6.690415
      0.024500        3.860000       -0.810000       10.330000        6.690415
      0.025500        3.860000       -0.810000       10.330000        6.690415
      0.026500        3.860000       -0.810000       10.330000        6.690415
      0.027500        3.860000       -0.810000       10.330000        6.690415
      0.028500        3.860000       -0.810000       10.330000        6.690415
      0.029500        3.860000       -0.810000       10.330000        6.690415
      0.030500        3.860000       -0.810000       10.330000        6.690415
      0.031500        3.860000       -0.810000       10.330000        6.690415
      0.032500        3.860000       -0.810000       10.330000        6.690415
      0.033500        3.860000       -0.810000       10.330000        6.690415
      0.034500        3.860000       -0.810000       10.330000        6.690415
      0.035500        3.860000       -0.810000       10.330000        6.690415
      0.036500        3.860000       -0.810000       10.330000        6.690415
      0.037500        3.860000       -0.810000       10.330000        6.690415
      0.038500        3.860000       -0.810000       10.330000        6.690415
      0.039500        3.860000       -0.810000       10.330000        6.690415
      0.040500        3.860000       -0.810000       10.330000        6.690415
      0.041500        3.860000       -0.810000       10.330000        6.690415
      0.042500        3.860000       -0.810000       10.330000        6.690415
      0.043500        3.860000       -0.810000       10.330000        6.690415
      0.044500        3.860000       -0.810000       10.330000        6.690415
      0.045500        3.860000       -0.810000       10.330000        6.690415
      0.046500        3.860000       -0.810000       10.330000        6.690415
      0.047500        3.860000       -0.810000       10.330000        6.690415
      0.048500        3.860000       -0.810000       10.330000        6.690415
      0.049500        3.860000       -0.810000       10.330000        6.690415
      0.050500        3.860000       -0.810000       10.330000        6.690415
      0.051500        3.860000       -0.810000       10.330000        6.690415
      0.052500        3.860000       -0.810000       10.330000        6.690415
      0.053500        3.860000       -0.810000       10.330000        6.690415
      0.054500        3.860000       -0.810000       10.330000        6.690415
      0.055500        3.860000       -0.810000       10.330000        6.690415
      0.056500        3.860000       -0.810000       10.330000        6.690415
      0.057500        3.860000       -0.810000       10.330000        6.690415
      0.058500        3.860000       -0.810000       10.330000        6.690415
      0.059500        3.860000       -0.810000       10.330000        6.690415
      0.060500        3.860000       -0.810000       10.330000        6.690415
      0.061500        3.860000       -0.810000       10.330000        6.690415
      0.062500        3.860000       -0.810000       10.330000        6.690415
      0.063500        3.860000       -0.810000       10.330000        6.690415
      0.064500        3.860000       -0.810000       10.330000        6.690415
      0.065500        3.860000       -0.810000       10.330000        6.690415
      0.066500        3.860000       -0.810000       10.330000        6.690415
      0.067500        3.860000       -0.810000       10.330000        6.690415
      0.068500        3.860000       -0.810000       10.330000        6.690415
      0.069500        3.860000       -0.810000       10.330000        6.690415
      0.070500        3.860000       -0.810000       10.330000        6.690415
      0.071500        3.860000       -0.810000       10.330000        6.690415
      0.072500        3.860000       -0.810000       10.330000        6.690415
      0.073500        3.860000       -0.810000       10.330000        6.690415
      0.074500        3.860000       -0.810000       10.330000        6.690415
      0.075500        3.860000       -0.810000       10.330000        6.690415
      0.076500        3.860000       -0.810000       10.330000        6.690415
      0.077500        3.860000       -0.810000       10.330000        6.690415
      0.078500        3.860000       -0.810000       10.330000        6.690415
      0.079500        3.860000       -0.810000       10.330000        6.690415
      0.080500        3.860000       -0.810000       10.330000        6.690415
      0.081500        3.860000       -0.810000       10.330000        6.690415
      0.082500        3.860000       -0.810000       10.330000        6.690415
      0.083500        3.860000       -0.810000       10.330000        6.690415
      0.084500        3.860000       -0.810000       10.330000        6.690415
      0.085500        3.860000       -0.810000       10.330000        6.690415
      0.086500        3.860000       -0.810000       10.330000        6.690415
      0.087500        3.860000       -0.810000       10.330000        6.690415
      0.088500        3.861060       -0.810531       10.333972        6.691150
      0.089500        3.861060       -0.810531       10.333972        6.691150
      0.090500        3.861060       -0.810531       10.333972        6.691150
      0.091500        3.861060       -0.810531       10.333972        6.691150
      0.092500        3.861060       -0.810531       10.333972        6.691150
      0.093500        3.861060       -0.810531       10.333972        6.691150
      0.094500        3.861060       -0.810531       10.333972        6.691150
      0.095500        3.861060       -0.810531       10.333972        6.691150
      0.096500        3.861060       -0.810531       10.333972        6.691150
      0.097500        3.861060       -0.810531       10.333972        6.691150
      0.098500        3.861060       -0.810531       10.333972        6.691150
      0.099500        3.861060       -0.810531       10.333972        6.691150
      0.100500        3.861060       -0.810531       10.333972        6.691150
      0.101500        3.861060       -0.810531       10.333972        6.691150
      0.102500        3.861060       -0.810531       10.333972        6.691150
      0.103500        3.861060       -0.810531       10.333972        6.691150
      0.104500        3.861060       -0.810531       10.333972        6.691150
      0.105500        3.861060       -0.810531       10.333972        6.691150
      0.106500        3.861060       -0.810531       10.333972        6.691150
      0.107500        3.861060       -0.810531       10.333972        6.691150
      0.108500        3.861060       -0.810531       10.333972        6.691150
      0.109500        3.861060       -0.810531       10.333972        6.691150
      0.110500        3.861060       -0.810531       10.333972        6.691150
      0.111500        3.861060       -0.810531       10.333972        6.691150
      0.112500        3.861060       -0.810531       10.333972        6.691150
      0.113500        3.861060       -0.810531       10.333972        6.691150
      0.114500        3.861060       -0.810531       10.333972        6.691150
      0.115500        3.861060       -0.810531       10.333972        6.691150
      0.116500        3.861060       -0.810531       10.333972        6.691150
      0.117500        3.861060       -0.810531       10.333972        6.691150
      0.118500        3.861060       -0.810531       10.333972        6.691150
      0.119500        3.861060       -0.810531       10.333972        6.691150
      0.120500        3.861060       -0.810531       10.333972        6.691150
      0.121500        3.861060       -0.810531       10.333972        6.691150
      0.122500        3.861060       -0.810531       10.333972        6.691150
      0.123500        3.861060       -0.810531       10.333972        6.691150
      0.124500        3.861060       -0.810531       10.333972        6.691150
      0.125500        3.861060       -0.810531       10.333972        6.691150
      0.126500        3.861060       -0.810531       10.333972        6.691150
      0.127500        3.861060       -0.810531       10.333972        6.691150
      0.128500        3.861060       -0.810531       10.333972        6.691150
      0.129500        3.861060       -0.810531       10.333972        6.691150
      0.130500        3.861060       -0.810531       10.333972        6.691150
      0.131500        3.861060       -0.810531       10.333972        6.691150
      0.132500        3.861060       -0.810531       10.333972        6.691150
      0.133500        3.861060       -0.810531       10.333972        6.691150
      0.134500        3.861060       -0.810531       10.333972        6.691150
      0.135500        3.861060       -0.810531       10.333972        6.691150
      0.136500        3.861060       -0.810531       10.333972        6.691150
      0.137500        3.861060       -0.810531       10.333972        6.691150
      0.138500        3.861060       -0.810531       10.333972        6.691150
      0.139500        3.861060       -0.810531       10.333972        6.691150
      0.140500        3.861060       -0.810531       10.333972        6.691150
      0.141500        3.861060       -0.810531       10.333972        6.691150
      0.142500        3.861060       -0.810531       10.333972        6.691150
      0.143500        3.861060       -0.810531       10.333972        6.691150
      0.144500        3.861060       -0.810531       10.333972        6.691150
      0.145500        3.861060       -0.810531       10.333972        6.691150
      0.146500        3.861060       -0.810531       10.333972        6.691150
      0.147500        3.861060       -0.810531       10.333972        6.691150
      0.148500        3.861060       -0.810531       10.333972        6.691150
      0.149500        3.861060       -0.810531       10.333972        6.691150
      0.150500        3.861060       -0.810531       10.333972        6.691150
      0.151500        3.861060       -0.810531       10.333972        6.691150
      0.152500        3.861060       -0.810531       10.333972        6.691150
      0.153500        3.861060       -0.810531       10.333972        6.691150
      0.154500        3.861060       -0.810531       10.333972        6.691150
      0.155500        3.861060       -0.810531       10.333972        6.691150
      0.156500        3.861060       -0.810531       10.333972        6.691150
      0.157500        3.861060       -0.810531       10.333972        6.691150
      0.158500        3.861060       -0.810531       10.333972        6.691150
      0.159500        3.861060       -0.810531       10.333972        6.691150
      0.160500        3.861060       -0.810531       10.333972        6.691150
      0.161500        3.861060       -0.810531       10.333972        6.691150
      0.162500        3.861060       -0.810531       10.333972        6.691150
      0.163500        3.861060       -0.810531       10.333972        6.691150
      0.164500        3.861060       -0.810531       10.333972        6.691150
      0.165500        3.861060       -0.810531       10.333972        6.691150
      0.166500        3.861060       -0.810531       10.333972        6.691150
      0.167500        3.861060       -0.810531       10.333972        6.691150
      0.168500        3.861060       -0.810531       10.333972        6.691150
      0.169500        3.861060       -0.810531       10.333972        6.691150
      0.170500        3.861060       -0.810531       10.333972        6.691150
      0.171500        3.861060       -0.810531       10.333972        6.691150
      0.172500        3.861060       -0.810531       10.333972        6.691150
      0.173500        3.861060       -0.810531       10.333972        6.691150
      0.174500        3.861060       -0.810531       10.333972        6.691150
      0.175500        3.861060       -0.810531       10.333972        6.691150
      0.176500        3.861060       -0.810531       10.333972        6.691150
      0.177500        3.861060       -0.810531       10.333972        6.691150
      0.178500        3.861060       -0.810531       10.333972        6.691150
      0.179500        3.861060       -0.810531       10.333972        6.691150
      0.180500        3.861060       -0.810531       10.333972        6.691150
      0.181500        3.861060       -0.810531       10.333972        6.691150
      0.182500        3.861060       -0.810531       10.333972        6.691150
      0.183500        3.861060       -0.810531       10.333972        6.691150
      0.184500        3.861060       -0.810531       10.333972        6.691150
      0.185500        3.861060       -0.810531       10.333972        6.691150
      0.186500        3.861060       -0.810531       10.333972        6.691150
      0.187500        3.861060       -0.810531       10.333972        6.691150
      0.188500        3.861060       -0.810531       10.333972        6.691150
      0.189500        3.861060       -0.810531       10.333972        6.691150
      0.190500        3.861060       -0.810531       10.333972        6.691150
      0.191500        3.861060       -0.810531       10.333972        6.691150
      0.192500        3.861060       -0.810531       10.333972        6.691150
      0.193500        3.861060       -0.810531       10.333972        6.691150
      0.194500        3.861060       -0.810531       10.333972        6.691150
      0.195500        3.861060       -0.810531       10.333972        6.691150
      0.196500        3.861060       -0.810531       10.333972        6.691150
      0.197500        3.861060       -0.810531       10.333972        6.691150
      0.198500        3.861060       -0.810531       10.333972        6.691150
      0.199500        3.861060       -0.810531       10.333972        6.691150
      0.200500        3.861060       -0.810531       10.333972        6.691150
      0.201500        3.861060       -0.810531       10.333972        6.691150
      0.202500        3.861060       -0.810531       10.333972        6.691150
      0.203500        3.861060       -0.810531       10.333972        6.691150
      0.204500        3.861060       -0.810531       10.333972        6.691150
      0.205500        3.861060       -0.810531       10.333972        6.691150
      0.206500        3.861060       -0.810531       10.333972        6.691150
      0.207500        3.861060       -0.810531       10.333972        6.691150
      0.208500        3.861060       -0.810531       10.333972        6.691150
      0.209500        3.861060       -0.810531       10.333972        6.691150
      0.210500        3.861060       -0.810531       10.333972        6.691150
      0.211500        3.861060       -0.810531       10.333972        6.691150
      0.212500        3.861060       -0.810531       10.333972        6.691150
      0.213500        3.861060       -0.810531       10.333972        6.691150
      0.214500        3.861060       -0.810531       10.333972        6.691150
      0.215500        3.861060       -0.810531       10.333972        6.691150
      0.216500        3.861060       -0.810531       10.333972        6.691150
      0.217500        3.861060       -0.810531       10.333972        6.691150
      0.218500        3.861060       -0.810531       10.333972        6.691150
      0.219500        3.861060       -0.810531       10.333972        6.691150
      0.220500        3.861060       -0.810531       10.333972        6.691150
      0.221500        3.861060       -0.810531       10.333972        6.691150
      0.222500        3.861060       -0.810531       10.333972        6.691150
      0.223500        3.861060       -0.810531       10.333972        6.691150
      0.224500        3.861060       -0.810531       10.333972        6.691150
      0.225500        3.861060       -0.810531       10.333972        6.691150
      0.226500        3.861060       -0.810531       10.333972        6.691150
      0.227500        3.861060       -0.810531       10.333972        6.691150
      0.228500        3.861060       -0.810531       10.333972        6.691150
      0.229500        3.861060       -0.810531       10.333972        6.691150
      0.230500        3.861060       -0.810531       10.333972        6.691150
      0.231500        3.861060       -0.810531       10.333972        6.691150
      0.232500        3.861060       -0.810531       10.333972        6.691150
      0.233500        3.861060       -0.810531       10.333972        6.691150
      0.234500        3.861060       -0.810531       10.333972        6.691150
      0.235500        3.861060       -0.810531       10.333972        6.691150
      0.236500        3.861060       -0.810531       10.333972        6.691150
      0.237500        3.861060       -0.810531       10.333972        6.691150
      0.238500        3.861060       -0.810531       10.333972        6.691150
      0.239500        3.861060       -0.810531       10.333972        6.691150
      0.240500        3.861060       -0.810531       10.333972        6.691150
      0.241500        3.861060       -0.810531       10.333972        6.691150
      0.242500        3.861060       -0.810531       10.333972        6.691150
      0.243500        3.861060       -0.810531       10.333972        6.691150
      0.244500        3.861060       -0.810531       10.333972        6.691150
      0.245500        3.861060       -0.810531       10.333972        6.691150
      0.246500        3.861060       -0.810531       10.333972        6.691150
      0.247500        3.861060       -0.810531       10.333972        6.691150
      0.248500        3.861060       -0.810531       10.333972        6.691150
      0.249500        3.861060       -0.810531       10.333972        6.691150
      0.250500        3.861060       -0.810531       10.333972        6.691150
      0.251500        3.861060       -0.810531       10.333972        6.691150
      0.252500        3.861060       -0.810531       10.333972        6.691150
      0.253500        3.861060       -0.810531       10.333972        6.691150
      0.254500        3.861060       -0.810531       10.333972        6.691150
      0.255500        3.861060       -0.810531       10.333972        6.691150
      0.256500        3.861060       -0.810531       10.333972        6.691150
      0.257500        3.861060       -0.810531       10.333972        6.691150
      0.258500        3.861060       -0.810531       10.333972        6.691150
      0.259500        3.861060       -0.810531       10.333972        6.691150
      0.260500        3.861060       -0.810531       10.333972        6.691150
      0.261500        3.861060       -0.810531       10.333972        6.691150
      0.262500        3.861060       -0.810531       10.333972        6.691150
      0.263500        3.861060       -0.810531       10.333972        6.691150
      0.264500        3.861060       -0.810531       10.333972        6.691150
      0.265500        3.861060       -0.810531       10.333972        6.691150
      0.266500        3.861060       -0.810531       10.333972        6.691150
      0.267500        3.861060       -0.810531       10.333972        6.691150
      0.268500        3.861060       -0.810531       10.333972        6.691150
      0.269500        3.861060       -0.810531       10.333972        6.691150
      0.270500        3.861060       -0.810531       10.333972        6.691150
      0.271500        3.861060       -0.810531       10.333972        6.691150
      0.272500        3.861060       -0.810531       10.333972        6.691150
      0.273500        3.861060       -0.810531       10.333972        6.691150
      0.274500        3.861060       -0.810531       10.333972        6.691150
      0.275500        3.861060       -0.810531       10.333972        6.691150
      0.276500        3.861060       -0.810531       10.333972        6.691150
      0.277500        3.861060       -0.810531       10.333972        6.691150
      0.278500        3.861060       -0.810531       10.333972        6.691150
      0.279500        3.861060       -0.810531       10.333972        6.691150
      0.280500        3.861060       -0.810531       10.333972        6.691150
      0.281500        3.861060       -0.810531       10.333972        6.691150
      0.282500        3.861060       -0.810531       10.333972        6.691150
      0.283500        3.861060       -0.810531       10.333972        6.691150
      0.284500        3.861060       -0.810531       10.333972        6.691150
      0.285500        3.861060       -0.810531       10.333972        6.691150
      0.286500        3.861060       -0.810531       10.333972        6.691150
      0.287500        3.861060       -0.810531       10.333972        6.691150
      0.288500        3.861060       -0.810531       10.333972        6.691150
      0.289500        3.861060       -0.810531       10.333972        6.691150
      0.290500        3.861060       -0.810531       10.333972        6.691150
      0.291500        3.861060       -0.810531       10.333972        6.691150
      0.292500        3.861060       -0.810531       10.333972        6.691150
      0.293500        3.861060       -0.810531       10.333972        6.691150
      0.294500        3.861060       -0.810531       10.333972        6.691150
      0.295500        3.861060       -0.810531       10.333972        6.691150
      0.296500        3.861060       -0.810531       10.333972        6.691150
      0.297500        3.861060       -0.810531       10.333972        6.691150
      0.298500        3.861060       -0.810531       10.333972        6.691150
      0.299500        3.861060       -0.810531       10.333972        6.691150
      0.300500        3.861060       -0.810531       10.333972        6.691150
      0.301500        3.861060       -0.810531       10.333972        6.691150
      0.302500        3.861060       -0.810531       10.333972        6.691150
      0.303500        3.861060       -0.810531       10.333972        6.691150
      0.304500        3.861060       -0.810531       10.333972        6.691150
      0.305500        3.861060       -0.810531       10.333972        6.691150
      0.306500        3.861060       -0.810531       10.333972        6.691150
      0.307500        3.861060       -0.810531       10.333972        6.691150
      0.308500        3.861060       -0.810531       10.333972        6.691150
      0.309500        3.861060       -0.810531       10.333972        6.691150
      0.310500        3.861060       -0.810531       10.333972        6.691150
      0.311500        3.861060       -0.810531       10.333972        6.691150
      0.312500        3.861060       -0.810531       10.333972        6.691150
      0.313500        3.861060       -0.810531       10.333972        6.691150
      0.314500        3.861060       -0.810531       10.333972        6.691150
      0.315500        3.861060       -0.810531       10.333972        6.691150
      0.316500        3.861060       -0.810531       10.333972        6.691150
      0.317500        3.861060       -0.810531       10.333972        6.691150
      0.318500        3.861060       -0.810531       10.333972        6.691150
      0.319500        3.861060       -0.810531       10.333972        6.691150
      0.320500        3.861060       -0.810531       10.333972        6.691150
      0.321500        3.861060       -0.810531       10.333972        6.691150
      0.322500        3.861060       -0.810531       10.333972        6.691150
      0.323500        3.861060       -0.810531       10.333972        6.691150
      0.324500        3.861060       -0.810531       10.333972        6.691150
      0.325500        3.861060       -0.810531       10.333972        6.691150
      0.326500        3.861060       -0.810531       10.333972        6.691150
      0.327500        3.861060       -0.810531       10.333972        6.691150
      0.328500        3.861060       -0.810531       10.333972        6.691150
      0.329500        3.861060       -0.810531       10.333972        6.691150
      0.330500        3.861060       -0.810531       10.333972        6.691150
      0.331500        3.861060       -0.810531       10.333972        6.691150
      0.332500        3.861060       -0.810531       10.333972        6.691150
      0.333500        3.861060       -0.810531       10.333972        6.691150
      0.334500        3.861060       -0.810531       10.333972        6.691150
      0.335500        3.861060       -0.810531       10.333972        6.691150
      0.336500        3.861060       -0.810531       10.333972        6.691150
      0.337500        3.861060       -0.810531       10.333972        6.691150
      0.338500        3.861060       -0.810531       10.333972        6.691150
      0.339500        3.861060       -0.810531       10.333972        6.691150
      0.340500        3.861060       -0.810531       10.333972        6.691150
      0.341500        3.861060       -0.810531       10.333972        6.691150
      0.342500        3.861060       -0.810531       10.333972        6.691150
      0.343500        3.861060       -0.810531       10.333972        6.691150
      0.344500        3.861060       -0.810531       10.333972        6.691150
      0.345500        3.861060       -0.810531       10.333972        6.691150
      0.346500        3.861060       -0.810531       10.333972        6.691150
      0.347500        3.861060       -0.810531       10.333972        6.691150
      0.348500        3.861060       -0.810531       10.333972        6.691150
      0.349500        3.861060       -0.810531       10.333972        6.691150
      0.350500        3.861060       -0.810531       10.333972        6.691150
      0.351500        3.861060       -0.810531       10.333972        6.691150
      0.352500        3.861060       -0.810531       10.333972        6.691150
      0.353500        3.861060       -0.810531       10.333972        6.691150
      0.354500        3.861060       -0.810531       10.333972        6.691150
      0.355500        3.861060       -0.810531       10.333972        6.691150
      0.356500        3.861060       -0.810531       10.333972        6.691150
      0.357500        3.861060       -0.810531       10.333972        6.691150
      0.358500        3.861060       -0.810531       10.333972        6.691150
      0.359500        3.861060       -0.810531       10.333972        6.691150
      0.360500        3.861060       -0.810531       10.333972        6.691150
      0.361500        3.861060       -0.810531       10.333972        6.691150
      0.362500        3.861060       -0.810531       10.333972        6.691150
      0.363500        3.861060       -0.810531       10.333972        6.691150
      0.364500        3.861060       -0.810531       10.333972        6.691150
      0.365500        3.861060       -0.810531       10.333972        6.691150
      0.366500        3.861060       -0.810531       10.333972        6.691150
      0.367500        3.861060       -0.810531       10.333972        6.691150
      0.368500        3.861060       -0.810531       10.333972        6.691150
      0.369500        3.861060       -0.810531       10.333972        6.691150
      0.370500        3.861060       -0.810531       10.333972        6.691150
      0.371500        3.861060       -0.810531       10.333972        6.691150
      0.372500        3.861060       -0.810531       10.333972        6.691150
      0.373500        3.861060       -0.810531       10.333972        6.691150
      0.374500        3.861060       -0.810531       10.333972        6.691150
      0.375500        3.861060       -0.810531       10.333972        6.691150
      0.376500        3.861060       -0.810531       10.333972        6.691150
      0.377500        3.861060       -0.810531       10.333972        6.691150
      0.378500        3.857227       -0.810531       10.333972        6.697799
      0.379500        3.857227       -0.810531       10.333972        6.697799
      0.380500        3.857227       -0.810531       10.333972        6.697799
      0.381500        3.857227       -0.810531       10.333972        6.697799
      0.382500        3.857227       -0.810531       10.333972        6.697799
      0.383500        3.857227       -0.810531       10.333972        6.697799
      0.384500        3.857227       -0.810531       10.333972        6.697799
      0.385500        3.857227       -0.810531       10.333972        6.697799
      0.386500        3.857227       -0.810531       10.333972        6.697799
      0.387500        3.857227       -0.810531       10.333972        6.697799
      0.388500        3.857227       -0.810531       10.333972        6.697799
      0.389500        3.857227       -0.810531       10.333972        6.697799
      0.390500        3.857227       -0.810531       10.333972        6.697799
      0.391500        3.857227       -0.810531       10.333972        6.697799
      0.392500        3.857227       -0.810531       10.333972        6.697799
      0.393500        3.857227       -0.810531       10.333972        6.697799
      0.394500        3.857227       -0.810531       10.333972        6.697799
      0.395500        3.857227       -0.810531       10.333972        6.697799
      0.396500        3.857227       -0.810531       10.333972        6.697799
      0.397500        3.857227       -0.810531       10.333972        6.697799
      0.398500        3.857227       -0.810531       10.333972        6.697799
      0.399500        3.857227       -0.810531       10.333972        6.697799
      0.400500        3.857227       -0.810531       10.333972        6.697799
      0.401500        3.857227       -0.810531       10.333972        6.697799
      0.402500        3.857227       -0.810531       10.333972        6.697799
      0.403500        3.857227       -0.810531       10.333972        6.697799
      0.404500        3.857227       -0.810531       10.333972        6.697799
      0.405500        3.857227       -0.810531       10.333972        6.697799
      0.406500        3.857227       -0.810531       10.333972        6.697799
      0.407500        3.857227       -0.810531       10.333972        6.697799
      0.408500        3.857227       -0.810531       10.333972        6.697799
      0.409500        3.857227       -0.810531       10.333972        6.697799
      0.410500        3.857227       -0.810531       10.333972        6.697799
      0.411500        3.857227       -0.810531       10.333972        6.697799
      0.412500        3.857227       -0.810531       10.333972        6.697799
      0.413500        3.857227       -0.810531       10.333972        6.697799
      0.414500        3.857227       -0.810531       10.333972        6.697799
      0.415500        3.857227       -0.810531       10.333972        6.697799
      0.416500        3.857227       -0.810531       10.333972        6.697799
      0.417500        3.857227       -0.810531       10.333972        6.697799
      0.418500        3.857227       -0.810531       10.333972        6.697799
      0.419500        3.857227       -0.810531       10.333972        6.697799
      0.420500        3.857227       -0.810531       10.333972        6.697799
      0.421500        3.857227       -0.810531       10.333972        6.697799
      0.422500        3.857227       -0.810531       10.333972        6.697799
      0.423500        3.857227       -0.810531       10.333972        6.697799
      0.424500        3.857227       -0.810531       10.333972        6.697799
      0.425500        3.857227       -0.810531       10.333972        6.697799
      0.426500        3.857227       -0.810531       10.333972        6.697799
      0.427500        3.857227       -0.810531       10.333972        6.697799
      0.428500        3.857227       -0.810531       10.333972        6.697799
      0.429500        3.857227       -0.810531       10.333972        6.697799
      0.430500        3.857227       -0.810531       10.333972        6.697799
      0.431500        3.857227       -0.810531       10.333972        6.697799
      0.432500        3.857227       -0.810531       10.333972        6.697799
      0.433500        3.857227       -0.810531       10.333972        6.697799
      0.434500        3.857227       -0.810531       10.333972        6.697799
      0.435500        3.857227       -0.810531       10.333972        6.697799
      0.436500        3.857227       -0.810531       10.333972        6.697799
      0.437500        3.857227       -0.810531       10.333972        6.697799
      0.438500        3.857227       -0.810531       10.333972        6.697799
      0.439500        3.857227       -0.810531       10.333972        6.697799
      0.440500        3.857227       -0.810531       10.333972        6.697799
      0.441500        3.857227       -0.810531       10.333972        6.697799
      0.442500        3.857227       -0.810531       10.333972        6.697799
      0.443500        3.857227       -0.810531       10.333972        6.697799
      0.444500        3.857227       -0.810531       10.333972        6.697799
      0.445500        3.857227       -0.810531       10.333972        6.697799
      0.446500        3.857227       -0.810531       10.333972        6.697799
      0.447500        3.857227       -0.810531       10.333972        6.697799
      0.448500        3.857227       -0.810531       10.333972        6.697799
      0.449500        3.857227       -0.810531       10.333972        6.697799
      0.450500        3.857227       -0.810531       10.333972        6.697799
      0.451500        3.857227       -0.810531       10.333972        6.697799
      0.452500        3.857227       -0.810531       10.333972        6.697799
      0.453500        3.857227       -0.810531       10.333972        6.697799
      0.454500        3.857227       -0.810531       10.333972        6.697799
      0.455500        3.857227       -0.810531       10.333972        6.697799
      0.456500        3.857227       -0.810531       10.333972        6.697799
      0.457500        3.857227       -0.810531       10.333972        6.697799
      0.458500        3.857227       -0.810531       10.333972        6.697799
      0.459500        3.857227       -0.810531       10.333972        6.697799
      0.460500        3.857227       -0.810531       10.333972        6.697799
      0.461500        3.857227       -0.810531       10.333972        6.697799
      0.462500        3.857227       -0.810531       10.333972        6.697799
      0.463500        3.857227       -0.810531       10.333972        6.697799
      0.464500        3.857227       -0.810531       10.333972        6.697799
      0.465500        3.857227       -0.810531       10.333972        6.697799
      0.466500        3.857227       -0.810531       10.333972        6.697799
      0.467500        3.857227       -0.810531       10.333972        6.697799
      0.468500        3.857227       -0.810531       10.333972        6.697799
      0.469500        3.857227       -0.810531       10.333972        6.697799
      0.470500        3.857227       -0.810531       10.333972        6.697799
      0.471500        3.857227       -0.810531       10.333972        6.697799
      0.472500        3.857227       -0.810531       10.333972        6.697799
      0.473500        3.857227       -0.810531       10.333972        6.697799
      0.474500        3.857227       -0.810531       10.333972        6.697799
      0.475500        3.857227       -0.810531       10.333972        6.697799
      0.476500        3.857227       -0.810531       10.333972        6.697799
      0.477500        3.857227       -0.810531       10.333972        6.697799
      0.478500        3.857227       -0.810531       10.333972        6.697799
      0.479500        3.857227       -0.810531       10.333972        6.697799
      0.480500        3.857227       -0.810531       10.333972        6.697799
      0.481500        3.857227       -0.810531       10.333972        6.697799
      0.482500        3.857227       -0.810531       10.333972        6.697799
      0.483500        3.857227       -0.810531       10.333972        6.697799
      0.484500        3.857227       -0.810531       10.333972        6.697799
      0.485500        3.857227       -0.810531       10.333972        6.697799
      0.486500        3.857227       -0.810531       10.333972        6.697799
      0.487500        3.857227       -0.810531       10.333972        6.697799
      0.488500        3.857227       -0.810531       10.333972        6.697799
      0.489500        3.857227       -0.810531       10.333972        6.697799
      0.490500        3.857227       -0.810531       10.333972        6.697799
      0.491500        3.857227       -0.810531       10.333972        6.697799
      0.492500        3.857227       -0.810531       10.333972        6.697799
      0.493500        3.857227       -0.810531       10.333972        6.697799
      0.494500        3.857227       -0.810531       10.333972        6.697799
      0.495500        3.857227       -0.810531       10.333972        6.697799
      0.496500        3.857227       -0.810531       10.333972        6.697799
      0.497500        3.857227       -0.810531       10.333972        6.697799
      0.498500        3.857227       -0.810531       10.333972        6.697799
      0.499500        3.857227       -0.810531       10.333972        6.697799
      0.500500        3.857227       -0.810531       10.333972        6.697799
      0.501500        3.857227       -0.810531       10.333972        6.697799
      0.502500        3.857227       -0.810531       10.333972        6.697799
      0.503500        3.857227       -0.810531       10.333972        6.697799
      0.504500        3.857227       -0.810531       10.333972        6.697799
      0.505500        3.857227       -0.810531       10.333972        6.697799
      0.506500        3.857227       -0.810531       10.333972        6.697799
      0.507500        3.857227       -0.810531       10.333972        6.697799
      0.508500        3.857227       -0.810531       10.333972        6.697799
      0.509500        3.857227       -0.810531       10.333972        6.697799
      0.510500        3.857227       -0.810531       10.333972        6.697799
      0.511500        3.857227       -0.810531       10.333972        6.697799
      0.512500        3.857227       -0.810531       10.333972        6.697799
      0.513500        3.857227       -0.810531       10.333972        6.697799
      0.514500        3.857227       -0.810531       10.333972        6.697799
      0.515500        3.857227       -0.810531       10.333972        6.697799
      0.516500        1.000000       -3.440000        1.000000        2.500000
      0.517500        1.000000       -3.440000        1.000000        2.500000
      0.518500        1.000000       -3.440000        1.000000        2.500000
      0.519500        1.000000       -3.440000        1.000000        2.500000
      0.520500        1.000000       -3.440000        1.000000        2.500000
      0.521500        1.000000       -3.440000        1.000000        2.500000
      0.522500        1.000000       -3.440000        1.000000        2.500000
      0.523500        1.000000       -3.440000        1.000000        2.500000
      0.524500        1.000000       -3.440000        1.000000        2.500000
      0.525500        1.000000       -3.440000        1.000000        2.500000
      0.526500        1.000000       -3.440000        1.000000        2.500000
      0.527500        1.000000       -3.440000        1.000000        2.500000
      0.528500        1.000000       -3.440000        1.000000        2.500000
      0.529500        1.000000       -3.440000        1.000000        2.500000
      0.530500        1.000000       -3.440000        1.000000        2.500000
      0.531500        1.000000       -3.440000        1.000000        2.500000
      0.532500        1.000000       -3.440000        1.000000        2.500000
      0.533500        1.000000       -3.440000        1.000000        2.500000
      0.534500        1.000000       -3.440000        1.000000        2.500000
      0.535500        1.000000       -3.440000        1.000000        2.500000
      0.536500        1.000000       -3.440000        1.000000        2.500000
      0.537500        1.000000       -3.440000        1.000000        2.500000
      0.538500        1.000000       -3.440000        1.000000        2.500000
      0.539500        1.000000       -3.440000        1.000000        2.500000
      0.540500        1.000000       -3.440000        1.000000        2.500000
      0.541500        1.000000       -3.440000        1.000000        2.500000
      0.542500        1.000000       -3.440000        1.000000        2.500000
      0.543500        1.000000       -3.440000        1.000000        2.500000
      0.544500        1.000000       -3.440000        1.000000        2.500000
      0.545500        1.000000       -3.440000        1.000000        2.500000
      0.546500        1.000000       -3.440000        1.000000        2.500000
      0.547500        1.000000       -3.440000        1.000000        2.500000
      0.548500        1.000000       -3.440000        1.000000        2.500000
      0.549500        1.000000       -3.440000        1.000000        2.500000
      0.550500        1.000000       -3.440000        1.000000        2.500000
      0.551500        1.000000       -3.440000        1.000000        2.500000
      0.552500        1.000000       -3.440000        1.000000        2.500000
      0.553500        1.000000       -3.440000        1.000000        2.500000
      0.554500        1.000000       -3.440000        1.000000        2.500000
      0.555500        1.000000       -3.440000        1.000000        2.500000
      0.556500        1.000000       -3.440000        1.000000        2.500000
      0.557500        1.000000       -3.440000        1.000000        2.500000
      0.558500        1.000000       -3.440000        1.000000        2.500000
      0.559500        1.000000       -3.440000        1.000000        2.500000
      0.560500        1.000000       -3.440000        1.000000        2.500000
      0.561500        1.000000       -3.440000        1.000000        2.500000
      0.562500        1.000000       -3.440000        1.000000        2.500000
      0.563500        1.000000       -3.440000        1.000000        2.500000
      0.564500        1.000000       -3.440000        1.000000        2.500000
      0.565500        1.000000       -3.440000        1.000000        2.500000
      0.566500        1.000000       -3.440000        1.000000        2.500000
      0.567500        1.000000       -3.440000        1.000000        2.500000
      0.568500        1.000000       -3.440000        1.000000        2.500000
      0.569500        1.000000       -3.440000        1.000000        2.500000
      0.570500        1.000000       -3.440000        1.000000        2.500000
      0.571500        1.000000       -3.440000        1.000000        2.500000
      0.572500        1.000000       -3.440000        1.000000        2.500000
      0.573500        1.000000       -3.440000        1.000000        2.500000
      0.574500        1.000000       -3.440000        1.000000        2.500000
      0.575500        1.000000       -3.440000        1.000000        2.500000
      0.576500        1.000000       -3.440000        1.000000        2.500000
      0.577500        1.000000       -3.440000        1.000000        2.500000
      0.578500        1.000000       -3.440000        1.000000        2.500000
      0.579500        1.000000       -3.440000        1.000000        2.500000
      0.580500        1.000000       -3.440000        1.000000        2.500000
      0.581500        1.000000       -3.440000        1.000000        2.500000
      0.582500        1.000000       -3.440000        1.000000        2.500000
      0.583500        1.000000       -3.440000        1.000000        2.500000
      0.584500        1.000000       -3.440000        1.000000        2.500000
      0.585500        1.000000       -3.440000        1.000000        2.500000
      0.586500        1.000000       -3.440000        1.000000        2.500000
      0.587500        1.000000       -3.440000        1.000000        2.500000
      0.588500        1.000000       -3.440000        1.000000        2.500000
      0.589500        1.000000       -3.440000        1.000000        2.500000
      0.590500        1.000000       -3.440000        1.000000        2.500000
      0.591500        1.000000       -3.440000        1.000000        2.500000
      0.592500        1.000000       -3.440000        1.000000        2.500000
      0.593500        1.000000       -3.440000        1.000000        2.500000
      0.594500        1.000000       -3.440000        1.000000        2.500000
      0.595500        1.000000       -3.440000        1.000000        2.500000
      0.596500        1.000000       -3.440000        1.000000        2.500000
      0.597500        1.000000       -3.440000        1.000000        2.500000
      0.598500        1.000000       -3.440000        1.000000        2.500000
      0.599500        1.000000       -3.440000        1.000000        2.500000
      0.600500        1.000000       -3.440000        1.000000        2.500000
      0.601500        1.000000       -3.440000        1.000000        2.500000
      0.602500        1.000000       -3.440000        1.000000        2.500000
      0.603500        1.000000       -3.440000        1.000000        2.500000
      0.604500        1.000000       -3.440000        1.000000        2.500000
      0.605500        1.000000       -3.440000        1.000000        2.500000
      0.606500        1.000000       -3.440000        1.000000        2.500000
      0.607500        1.000000       -3.440000        1.000000        2.500000
      0.608500        1.000000       -3.440000        1.000000        2.500000
      0.609500        1.000000       -3.440000        1.000000        2.500000
      0.610500        1.000000       -3.440000        1.000000        2.500000
      0.611500        1.000000       -3.440000        1.000000        2.500000
      0.612500        1.000000       -3.440000        1.000000        2.500000
      0.613500        1.000000       -3.440000        1.000000        2.500000
      0.614500        1.000000       -3.440000        1.000000        2.500000
      0.615500        1.000000       -3.440000        1.000000        2.500000
      0.616500        1.000000       -3.440000        1.000000        2.500000
      0.617500        1.000000       -3.440000        1.000000        2.500000
      0.618500        1.000000       -3.440000        1.000000        2.500000
      0.619500        1.000000       -3.440000        1.000000        2.500000
      0.620500        1.000000       -3.440000        1.000000        2.500000
      0.621500        1.000000       -3.440000        1.000000        2.500000
      0.622500        1.000000       -3.440000        1.000000        2.500000
      0.623500        1.000000       -3.440000        1.000000        2.500000
      0.624500        1.000000       -3.440000        1.000000        2.500000
      0.625500        1.000000       -3.440000        1.000000        2.500000
      0.626500        1.000000       -3.440000        1.000000        2.500000
      0.627500        1.000000       -3.440000        1.000000        2.500000
      0.628500        1.000000       -3.440000        1.000000        2.500000
      0.629500        1.000000       -3.440000        1.000000        2.500000
      0.630500        1.000000       -3.440000        1.000000        2.500000
      0.631500        1.000000       -3.440000        1.000000        2.500000
      0.632500        1.000000       -3.440000        1.000000        2.500000
      0.633500        1.000000       -3.440000        1.000000        2.500000
      0.634500        1.000000       -3.440000        1.000000        2.500000
      0.635500        1.000000       -3.440000        1.000000        2.500000
      0.636500        1.000000       -3.440000        1.000000        2.500000
      0.637500        1.000000       -3.440000        1.000000        2.500000
      0.638500        1.000000       -3.440000        1.000000        2.500000
      0.639500        1.000000       -3.440000        1.000000        2.500000
      0.640500        1.000000       -3.440000        1.000000        2.500000
      0.641500        1.000000       -3.440000        1.000000        2.500000
      0.642500        1.000000       -3.440000        1.000000        2.500000
      0.643500        1.000000       -3.440000        1.000000        2.500000
      0.644500        1.000000       -3.440000        1.000000        2.500000
      0.645500        1.000000       -3.440000        1.000000        2.500000
      0.646500        1.000000       -3.440000        1.000000        2.500000
      0.647500        1.000000       -3.440000        1.000000        2.500000
      0.648500        1.000000       -3.440000        1.000000        2.500000
      0.649500        1.000000       -3.440000        1.000000        2.500000
      0.650500        1.000000       -3.440000        1.000000        2.500000
      0.651500        1.000000       -3.440000        1.000000        2.500000
      0.652500        1.000000       -3.440000        1.000000        2.500000
      0.653500        1.000000       -3.440000        1.000000        2.500000
      0.654500        1.000000       -3.440000        1.000000        2.500000
      0.655500        1.000000       -3.440000        1.000000        2.500000
      0.656500        1.000000       -3.440000        1.000000        2.500000
      0.657500        1.000000       -3.440000        1.000000        2.500000
      0.658500        1.000000       -3.440000        1.000000        2.500000
      0.659500        1.000000       -3.440000        1.000000        2.500000
      0.660500        1.000000       -3.440000        1.000000        2.500000
      0.661500        1.000000       -3.440000        1.000000        2.500000
      0.662500        1.000000       -3.440000        1.000000        2.500000
      0.663500        1.000000       -3.440000        1.000000        2.500000
      0.664500        1.000000       -3.440000        1.000000        2.500000
      0.665500        1.000000       -3.440000        1.000000        2.500000
      0.666500        1.000000       -3.440000        1.000000        2.500000
      0.667500        1.000000       -3.440000        1.000000        2.500000
      0.668500        1.000000       -3.440000        1.000000        2.500000
      0.669500        1.000000       -3.440000        1.000000        2.500000
      0.670500        1.000000       -3.440000        1.000000        2.500000
      0.671500        1.000000       -3.440000        1.000000        2.500000
      0.672500        1.000000       -3.440000        1.000000        2.500000
      0.673500        1.000000       -3.440000        1.000000        2.500000
      0.674500        1.000000       -3.440000        1.000000        2.500000
      0.675500        1.000000       -3.440000        1.000000        2.500000
      0.676500        1.000000       -3.440000        1.000000        2.500000
      0.677500        1.000000       -3.440000        1.000000        2.500000
      0.678500        1.000000       -3.440000        1.000000        2.500000
      0.679500        1.000000       -3.440000        1.000000        2.500000
      0.680500        1.000000       -3.440000        1.000000        2.500000
      0.681500        1.000000       -3.440000        1.000000        2.500000
      0.682500        1.000000       -3.440000        1.000000        2.500000
      0.683500        1.000000       -3.440000        1.000000        2.500000
      0.684500        1.000000       -3.440000        1.000000        2.500000
      0.685500        1.000000       -3.440000        1.000000        2.500000
      0.686500        1.000000       -3.440000        1.000000        2.500000
      0.687500        1.000000       -3.440000        1.000000        2.500000
      0.688500        1.000000       -3.440000        1.000000        2.500000
      0.689500        1.000000       -3.440000        1.000000        2.500000
      0.690500        1.000000       -3.440000        1.000000        2.500000
      0.691500        1.000000       -3.440000        1.000000        2.500000
      0.692500        1.000000       -3.440000        1.000000        2.500000
      0.693500        1.000000       -3.440000        1.000000        2.500000
      0.694500        1.000000       -3.440000        1.000000        2.500000
      0.695500        1.000000       -3.440000        1.000000        2.500000
      0.696500        1.000000       -3.440000        1.000000        2.500000
      0.697500        1.000000       -3.440000        1.000000        2.500000
      0.698500        1.000000       -3.440000        1.000000        2.500000
      0.699500        1.000000       -3.440000        1.000000        2.500000
      0.700500        1.000000       -3.440000        1.000000        2.500000
      0.701500        1.000000       -3.440000        1.000000        2.500000
      0.702500        1.000000       -3.440000        1.000000        2.500000
      0.703500        1.000000       -3.440000        1.000000        2.500000
      0.704500        1.000000       -3.440000        1.000000        2.500000
      0.705500        1.000000       -3.440000        1.000000        2.500000
      0.706500        1.000000       -3.440000        1.000000        2.500000
      0.707500        1.000000       -3.440000        1.000000        2.500000
      0.708500        1.000000       -3.440000        1.000000        2.500000
      0.709500        1.000000       -3.440000        1.000000        2.500000
      0.710500        1.000000       -3.440000        1.000000        2.500000
      0.711500        1.000000       -3.440000        1.000000        2.500000
      0.712500        1.000000       -3.440000        1.000000        2.500000
      0.713500        1.000000       -3.440000        1.000000        2.500000
      0.714500        1.000000       -3.440000        1.000000        2.500000
      0.715500        1.000000       -3.440000        1.000000        2.500000
      0.716500        1.000000       -3.440000        1.000000        2.500000
      0.717500        1.000000       -3.440000        1.000000        2.500000
      0.718500        1.000000       -3.440000        1.000000        2.500000
      0.719500        1.000000       -3.440000        1.000000        2.500000
      0.720500        1.000000       -3.440000        1.000000        2.500000
      0.721500        1.000000       -3.440000        1.000000        2.500000
      0.722500        1.000000       -3.440000        1.000000        2.500000
      0.723500        1.000000       -3.440000        1.000000        2.500000
      0.724500        1.000000       -3.440000        1.000000        2.500000
      0.725500        1.000000       -3.440000        1.000000        2.500000
      0.726500        1.000000       -3.440000        1.000000        2.500000
      0.727500        1.000000       -3.440000        1.000000        2.500000
      0.728500        1.000000       -3.440000        1.000000        2.500000
      0.729500        1.000000       -3.440000        1.000000        2.500000
      0.730500        1.000000       -3.440000        1.000000        2.500000
      0.731500        1.000000       -3.440000        1.000000        2.500000
      0.732500        1.000000       -3.440000        1.000000        2.500000
      0.733500        1.000000       -3.440000        1.000000        2.500000
      0.734500        1.000000       -3.440000        1.000000        2.500000
      0.735500        1.000000       -3.440000        1.000000        2.500000
      0.736500        1.000000       -3.440000        1.000000        2.500000
      0.737500        1.000000       -3.440000        1.000000        2.500000
      0.738500        1.000000       -3.440000        1.000000        2.500000
      0.739500        1.000000       -3.440000        1.000000        2.500000
      0.740500        1.000000       -3.440000        1.000000        2.500000
      0.741500        1.000000       -3.440000        1.000000        2.500000
      0.742500        1.000000       -3.440000        1.000000        2.500000
      0.743500        1.000000       -3.440000        1.000000        2.500000
      0.744500        1.000000       -3.440000        1.000000        2.500000
      0.745500        1.000000       -3.440000        1.000000        2.500000
      0.746500        1.000000       -3.440000        1.000000        2.500000
      0.747500        1.000000       -3.440000        1.000000        2.500000
      0.748500        1.000000       -3.440000        1.000000        2.500000
      0.749500        1.000000       -3.440000        1.000000        2.500000
      0.750500        1.000000       -3.440000        1.000000        2.500000
      0.751500        1.000000       -3.440000        1.000000        2.500000
      0.752500        1.000000       -3.440000        1.000000        2.500000
      0.753500        1.000000       -3.440000        1.000000        2.500000
      0.754500        1.000000       -3.440000        1.000000        2.500000
      0.755500        1.000000       -3.440000        1.000000        2.500000
      0.756500        1.000000       -3.440000        1.000000        2.500000
      0.757500        1.000000       -3.440000        1.000000        2.500000
      0.758500        1.000000       -3.440000        1.000000        2.500000
      0.759500        1.000000       -3.440000        1.000000        2.500000
      0.760500        1.000000       -3.440000        1.000000        2.500000
      0.761500        1.000000       -3.440000        1.000000        2.500000
      0.762500        1.000000       -3.440000        1.000000        2.500000
      0.763500        1.000000       -3.440000        1.000000        2.500000
      0.764500        1.000000       -3.440000        1.000000        2.500000
      0.765500        1.000000       -3.440000        1.000000        2.500000
      0.766500        1.000000       -3.440000        1.000000        2.500000
      0.767500        1.000000       -3.440000        1.000000        2.500000
      0.768500        1.000000       -3.440000        1.000000        2.500000
      0.769500        1.000000       -3.440000        1.000000        2.500000
      0.770500        1.000000       -3.440000        1.000000        2.500000
      0.771500        1.000000       -3.440000        1.000000        2.500000
      0.772500        1.000000       -3.440000        1.000000        2.500000
      0.773500        1.000000       -3.440000        1.000000        2.500000
      0.774500        1.000000       -3.440000        1.000000        2.500000
      0.775500        1.000000       -3.440000        1.000000        2.500000
      0.776500        1.000000       -3.440000        1.000000        2.500000
      0.777500        1.000000       -3.440000        1.000000        2.500000
      0.778500        1.000000       -3.440000        1.000000        2.500000
      0.779500        1.000000       -3.440000        1.000000        2.500000
      0.780500        1.000000       -3.440000        1.000000        2.500000
      0.781500        1.000000       -3.440000        1.000000        2.500000
      0.782500        1.000000       -3.440000        1.000000        2.500000
      0.783500        1.000000       -3.440000        1.000000        2.500000
      0.784500        1.000000       -3.440000        1.000000        2.500000
      0.785500        1.000000       -3.440000        1.000000        2.500000
      0.786500        1.000000       -3.440000        1.000000        2.500000
      0.787500        1.000000       -3.440000        1.000000        2.500000
      0.788500        1.000000       -3.440000        1.000000        2.500000
      0.789500        1.000000       -3.440000        1.000000        2.500000
      0.790500        1.000000       -3.440000        1.000000        2.500000
      0.791500        1.000000       -3.440000        1.000000        2.500000
      0.792500        1.000000       -3.440000        1.000000        2.500000
      0.793500        1.000000       -3.440000        1.000000        2.500000
      0.794500        1.000000       -3.440000        1.000000        2.500000
      0.795500        1.000000       -3.440000        1.000000        2.500000
      0.796500        1.000000       -3.440000        1.000000        2.500000
      0.797500        1.000000       -3.440000        1.000000        2.500000
      0.798500        1.000000       -3.440000        1.000000        2.500000
      0.799500        1.000000       -3.440000        1.000000        2.500000
      0.800500        1.000000       -3.440000        1.000000        2.500000
      0.801500        1.000000       -3.440000        1.000000        2.500000
      0.802500        1.000000       -3.440000        1.000000        2.500000
      0.803500        1.000000       -3.440000        1.000000        2.500000
      0.804500        1.000000       -3.440000        1.000000        2.500000
      0.805500        1.000000       -3.440000        1.000000        2.500000
      0.806500        1.000000       -3.440000        1.000000        2.500000
      0.807500        1.000000       -3.440000        1.000000        2.500000
      0.808500        1.000000       -3.440000        1.000000        2.500000
      0.809500        1.000000       -3.440000        1.000000        2.500000
      0.810500        1.000000       -3.440000        1.000000        2.500000
      0.811500        1.000000       -3.440000        1.000000        2.500000
      0.812500        1.000000       -3.440000        1.000000        2.500000
      0.813500        1.000000       -3.440000        1.000000        2.500000
      0.814500        1.000000       -3.440000        1.000000        2.500000
      0.815500        1.000000       -3.440000        1.000000        2.500000
      0.816500        1.000000       -3.440000        1.000000        2.500000
      0.817500        1.000000       -3.440000        1.000000        2.500000
      0.818500        1.000000       -3.440000        1.000000        2.500000
      0.819500        1.000000       -3.440000        1.000000        2.500000
      0.820500        1.000000       -3.440000        1.000000        2.500000
      0.821500        1.000000       -3.440000        1.000000        2.500000
      0.822500        1.000000       -3.440000        1.000000        2.500000
      0.823500        1.000000       -3.440000        1.000000        2.500000
      0.824500        1.000000       -3.440000        1.000000        2.500000
      0.825500        1.000000       -3.440000        1.000000        2.500000
      0.826500        1.000000       -3.440000        1.000000        2.500000
      0.827500        1.000000       -3.440000        1.000000        2.500000
      0.828500        1.000000       -3.440000        1.000000        2.500000
      0.829500        1.000000       -3.440000        1.000000        2.500000
      0.830500        1.000000       -3.440000        1.000000        2.500000
      0.831500        1.000000       -3.440000        1.000000        2.500000
      0.832500        1.000000       -3.440000        1.000000        2.500000
      0.833500        1.000000       -3.440000        1.000000        2.500000
      0.834500        1.000000       -3.440000        1.000000        2.500000
      0.835500        1.000000       -3.440000        1.000000        2.500000
      0.836500        1.000000       -3.440000        1.000000        2.500000
      0.837500        1.000000       -3.440000        1.000000        2.500000
      0.838500        1.000000       -3.440000        1.000000        2.500000
      0.839500        1.000000       -3.440000        1.000000        2.500000
      0.840500        1.000000       -3.440000        1.000000        2.500000
      0.841500        1.000000       -3.440000        1.000000        2.500000
      0.842500        1.000000       -3.440000        1.000000        2.500000
      0.843500        1.000000       -3.440000        1.000000        2.500000
      0.844500        1.000000       -3.440000        1.000000        2.500000
      0.845500        1.000000       -3.440000        1.000000        2.500000
      0.846500        1.000000       -3.440000        1.000000        2.500000
      0.847500        1.000000       -3.440000        1.000000        2.500000
      0.848500        1.000000       -3.440000        1.000000        2.500000
      0.849500        1.000000       -3.440000        1.000000        2.500000
      0.850500        1.000000       -3.440000        1.000000        2.500000
      0.851500        1.000000       -3.440000        1.000000        2.500000
      0.852500        1.000000       -3.440000        1.000000        2.500000
      0.853500        1.000000       -3.440000        1.000000        2.500000
      0.854500        1.000000       -3.440000        1.000000        2.500000
      0.855500        1.000000       -3.440000        1.000000        2.500000
      0.856500        1.000000       -3.440000        1.000000        2.500000
      0.857500        1.000000       -3.440000        1.000000        2.500000
      0.858500        1.000000       -3.440000        1.000000        2.500000
      0.859500        1.000000       -3.440000        1.000000        2.500000
      0.860500        1.000000       -3.440000        1.000000        2.500000
      0.861500        1.000000       -3.440000        1.000000        2.500000
      0.862500        1.000000       -3.440000        1.000000        2.500000
      0.863500        1.000000       -3.440000        1.000000        2.500000
      0.864500        1.000000       -3.440000        1.000000        2.500000
      0.865500        1.000000       -3.440000        1.000000        2.500000
      0.866500        1.000000       -3.440000        1.000000        2.500000
      0.867500        1.000000       -3.440000        1.000000        2.500000
      0.868500        1.000000       -3.440000        1.000000        2.500000
      0.869500        1.000000       -3.440000        1.000000        2.500000
      0.870500        1.000000       -3.440000        1.000000        2.500000
      0.871500        1.000000       -3.440000        1.000000        2.500000
      0.872500        1.000000       -3.440000        1.000000        2.500000
      0.873500        1.000000       -3.440000        1.000000        2.500000
      0.874500        1.000000       -3.440000        1.000000        2.500000
      0.875500        1.000000       -3.440000        1.000000        2.500000
      0.876500        1.000000       -3.440000        1.000000        2.500000
      0.877500        1.000000       -3.440000        1.000000        2.500000
      0.878500        1.000000       -3.440000        1.000000        2.500000
      0.879500        1.000000       -3.440000        1.000000        2.500000
      0.880500        1.000000       -3.440000        1.000000        2.500000
      0.881500        1.000000       -3.440000        1.000000        2.500000
      0.882500        1.000000       -3.440000        1.000000        2.500000
      0.883500        1.000000       -3.440000        1.000000        2.500000
      0.884500        1.000000       -3.440000        1.000000        2.500000
      0.885500        1.000000       -3.440000        1.000000        2.500000
      0.886500        1.000000       -3.440000        1.000000        2.500000
      0.887500        1.000000       -3.440000        1.000000        2.500000
      0.888500        1.000000       -3.440000        1.000000        2.500000
      0.889500        1.000000       -3.440000        1.000000        2.500000
      0.890500        1.000000       -3.440000        1.000000        2.500000
      0.891500        1.000000       -3.440000        1.000000        2.500000
      0.892500        1.000000       -3.440000        1.000000        2.500000
      0.893500        1.000000       -3.440000        1.000000        2.500000
      0.894500        1.000000       -3.440000        1.000000        2.500000
      0.895500        1.000000       -3.440000        1.000000        2.500000
      0.896500        1.000000       -3.440000        1.000000        2.500000
      0.897500        1.000000       -3.440000        1.000000        2.500000
      0.898500        1.000000       -3.440000        1.000000        2.500000
      0.899500        1.000000       -3.440000        1.000000        2.500000
      0.900500        1.000000       -3.440000        1.000000        2.500000
      0.901500        1.000000       -3.440000        1.000000        2.500000
      0.902500        1.000000       -3.440000        1.000000        2.500000
      0.903500        1.000000       -3.440000        1.000000        2.500000
      0.904500        1.000000       -3.440000        1.000000        2.500000
      0.905500        1.000000       -3.440000        1.000000        2.500000
      0.906500        1.000000       -3.440000        1.000000        2.500000
      0.907500        1.000000       -3.440000        1.000000        2.500000
      0.908500        1.000000       -3.440000        1.000000        2.500000
      0.909500        1.000000       -3.440000        1.000000        2.500000
      0.910500        1.000000       -3.440000        1.000000        2.500000
      0.911500        1.000000       -3.440000        1.000000        2.500000
      0.912500        1.000000       -3.440000        1.000000        2.500000
      0.913500        1.000000       -3.440000        1.000000        2.500000
      0.914500        1.000000       -3.440000        1.000000        2.500000
      0.915500        1.000000       -3.440000        1.000000        2.500000
      0.916500        1.000000       -3.440000        1.000000        2.500000
      0.917500        1.000000       -3.440000        1.000000        2.500000
      0.918500        1.000000       -3.440000        1.000000        2.500000
      0.919500        1.000000       -3.440000        1.000000        2.500000
      0.920500        1.000000       -3.440000        1.000000        2.500000
      0.921500        1.000000       -3.440000        1.000000        2.500000
      0.922500        1.000000       -3.440000        1.000000        2.500000
      0.923500        1.000000       -3.440000        1.000000        2.500000
      0.924500        1.000000       -3.440000        1.000000        2.500000
      0.925500        1.000000       -3.440000        1.000000        2.500000
      0.926500        1.000000       -3.440000        1.000000        2.500000
      0.927500        1.000000       -3.440000        1.000000        2.500000
      0.928500        1.000000       -3.440000        1.000000        2.500000
      0.929500        1.000000       -3.440000        1.000000        2.500000
      0.930500        1.000000       -3.440000        1.000000        2.500000
      0.931500        1.000000       -3.440000        1.000000        2.500000
      0.932500        1.000000       -3.440000        1.000000        2.500000
      0.933500        1.000000       -3.440000        1.000000        2.500000
      0.934500        1.000000       -3.440000        1.000000        2.500000
      0.935500        1.000000       -3.440000        1.000000        2.500000
      0.936500        1.000000       -3.440000        1.000000        2.500000
      0.937500        1.000000       -3.440000        1.000000        2.500000
      0.938500        1.000000       -3.440000        1.000000        2.500000
      0.939500        1.000000       -3.440000        1.000000        2.500000
      0.940500        1.000000       -3.440000        1.000000        2.500000
      0.941500        1.000000       -3.440000        1.000000        2.500000
      0.942500        1.000000       -3.440000        1.000000        2.500000
      0.943500        1.000000       -3.440000        1.000000        2.500000
      0.944500        1.000000       -3.440000        1.000000        2.500000
      0.945500        1.000000       -3.440000        1.000000        2.500000
      0.946500        1.000000       -3.440000        1.000000        2.500000
      0.947500        1.000000       -3.440000        1.000000        2.500000
      0.948500        1.000000       -3.440000        1.000000        2.500000
      0.949500        1.000000       -3.440000        1.000000        2.500000
      0.950500        1.000000       -3.440000        1.000000        2.500000
      0.951500        1.000000       -3.440000        1.000000        2.500000
      0.952500        1.000000       -3.440000        1.000000        2.500000
      0.953500        1.000000       -3.440000        1.000000        2.500000
      0.954500        1.000000       -3.440000        1.000000        2.500000
      0.955500        1.000000       -3.440000        1.000000        2.500000
      0.956500        1.000000       -3.440000        1.000000        2.500000
      0.957500        1.000000       -3.440000        1.000000        2.500000
      0.958500        1.000000       -3.440000        1.000000        2.500000
      0.959500        1.000000       -3.440000        1.000000        2.500000
      0.960500        1.000000       -3.440000        1.000000        2.500000
      0.961500        1.000000       -3.440000        1.000000        2.500000
      0.962500        1.000000       -3.440000        1.000000        2.500000
      0.963500        1.000000       -3.440000        1.000000        2.500000
      0.964500        1.000000       -3.440000        1.000000        2.500000
      0.965500        1.000000       -3.440000        1.000000        2.500000
      0.966500        1.000000       -3.440000        1.000000        2.500000
      0.967500        1.000000       -3.440000        1.000000        2.500000
      0.968500        1.000000       -3.440000        1.000000        2.500000
      0.969500        1.000000       -3.440000        1.000000        2.500000
      0.970500        1.000000       -3.440000        1.000000        2.500000
      0.971500        1.000000       -3.440000        1.000000        2.500000
      0.972500        1.000000       -3.440000        1.000000        2.500000
      0.973500        1.000000       -3.440000        1.000000        2.500000
      0.974500        1.000000       -3.440000        1.000000        2.500000
      0.975500        1.000000       -3.440000        1.000000        2.500000
      0.976500        1.000000       -3.440000        1.000000        2.500000
      0.977500        1.000000       -3.440000        1.000000        2.500000
      0.978500        1.000000       -3.440000        1.000000        2.500000
      0.979500        1.000000       -3.440000        1.000000        2.500000
      0.980500        1.000000       -3.440000        1.000000        2.500000
      0.981500        1.000000       -3.440000        1.000000        2.500000
      0.982500        1.000000       -3.440000        1.000000        2.500000
      0.983500        1.000000       -3.440000        1.000000        2.500000
      0.984500        1.000000       -3.440000        1.000000        2.500000
      0.985500        1.000000       -3.440000        1.000000        2.500000
      0.986500        1.000000       -3.440000        1.000000        2.500000
      0.987500        1.000000       -3.440000        1.000000        2.500000
      0.988500        1.000000       -3.440000        1.000000        2.500000
      0.989500        1.000000       -3.440000        1.000000        2.500000
      0.990500        1.000000       -3.440000        1.000000        2.500000
      0.991500        1.000000       -3.440000        1.000000        2.500000
      0.992500        1.000000       -3.440000        1.000000        2.500000
      0.993500        1.000000       -3.440000        1.000000        2.500000
      0.994500        1.000000       -3.440000        1.000000        2.500000
      0.995500        1.000000       -3.440000        1.000000        2.500000
      0.996500        1.000000       -3.440000        1.000000        2.500000
      0.997500        1.000000       -3.440000        1.000000        2.500000
      0.998500        1.000000       -3.440000        1.000000        2.500000
      0.999500        1.000000       -3.440000        1.000000        2.500000
