5.00000e-04	1.40000e+00	0.00000e+00	1.00000e+00	1.78571e+00
1.50000e-03	1.40000e+00	0.00000e+00	1.00000e+00	1.78571e+00
2.50000e-03	1.40000e+00	0.00000e+00	1.00000e+00	1.78571e+00
3.50000e-03	1.40000e+00	0.00000e+00	1.00000e+00	1.78571e+00
4.50000e-03	1.40000e+00	0.00000e+00	1.00000e+00	1.78571e+00
5.50000e-03	1.40000e+00	0.00000e+00	1.00000e+00	1.78571e+00
6.50000e-03	1.40000e+00	0.00000e+00	1.00000e+00	1.78571e+00
7.50000e-03	1.40000e+00	0.00000e+00	1.00000e+00	1.78571e+00
8.50000e-03	1.40000e+00	0.00000e+00	1.00000e+00	1.78571e+00
9.50000e-03	1.40000e+00	0.00000e+00	1.00000e+00	1.78571e+00
1.05000e-02	1.40000e+00	0.00000e+00	1.00000e+00	1.78571e+00
1.15000e-02	1.40000e+00	0.00000e+00	1.00000e+00	1.78571e+00
1.25000e-02	1.40000e+00	0.00000e+00	1.00000e+00	1.78571e+00
1.35000e-02	1.40000e+00	0.00000e+00	1.00000e+00	1.78571e+00
1.45000e-02	1.40000e+00	0.00000e+00	1.00000e+00	1.78571e+00
1.55000e-02	1.40000e+00	0.00000e+00	1.00000e+00	1.78571e+00
1.65000e-02	1.40000e+00	0.00000e+00	1.00000e+00	1.78571e+00
1.75000e-02	1.40000e+00	0.00000e+00	1.00000e+00	1.78571e+00
1.85000e-02	1.40000e+00	0.00000e+00	1.00000e+00	1.78571e+00
1.95000e-02	1.40000e+00	0.00000e+00	1.00000e+00	1.78571e+00
2.05000e-02	1.40000e+00	0.00000e+00	1.00000e+00	1.78571e+00
2.15000e-02	1.40000e+00	0.00000e+00	1.00000e+00	1.78571e+00
2.25000e-02	1.40000e+00	0.00000e+00	1.00000e+00	1.78571e+00
2.35000e-02	1.40000e+00	0.00000e+00	1.00000e+00	1.78571e+00
2.45000e-02	1.40000e+00	0.00000e+00	1.00000e+00	1.78571e+00
2.55000e-02	1.40000e+00	0.00000e+00	1.00000e+00	1.78571e+00
2.65000e-02	1.40000e+00	0.00000e+00	1.00000e+00	1.78571e+00
2.75000e-02	1.40000e+00	0.00000e+00	1.00000e+00	1.78571e+00
2.85000e-02	1.40000e+00	0.00000e+00	1.00000e+00	1.78571e+00
2.95000e-02	1.40000e+00	0.00000e+00	1.00000e+00	1.78571e+00
3.05000e-02	1.40000e+00	0.00000e+00	1.00000e+00	1.78571e+00
3.15000e-02	1.40000e+00	0.00000e+00	1.00000e+00	1.78571e+00
3.25000e-02	1.40000e+00	0.00000e+00	1.00000e+00	1.78571e+00
3.35000e-02	1.40000e+00	0.00000e+00	1.00000e+00	1.78571e+00
3.45000e-02	1.40000e+00	0.00000e+00	1.00000e+00	1.78571e+00
3.55000e-02	1.40000e+00	0.00000e+00	1.00000e+00	1.78571e+00
3.65000e-02	1.40000e+00	0.00000e+00	1.00000e+00	1.78571e+00
3.75000e-02	1.40000e+00	0.00000e+00	1.00000e+00	1.78571e+00
3.85000e-02	1.40000e+00	0.00000e+00	1.00000e+00	1.78571e+00
3.95000e-02	1.40000e+00	0.00000e+00	1.00000e+00	1.78571e+00
4.05000e-02	1.40000e+00	0.00000e+00	1.00000e+00	1.78571e+00
4.15000e-02	1.40000e+00	0.00000e+00	1.00000e+00	1.78571e+00
4.25000e-02	1.40000e+00	0.00000e+00	1.00000e+00	1.78571e+00
4.35000e-02	1.40000e+00	0.00000e+00	1.00000e+00	1.78571e+00
4.45000e-02	1.40000e+00	0.00000e+00	1.00000e+00	1.78571e+00
4.55000e-02	1.40000e+00	0.00000e+00	1.00000e+00	1.78571e+00
4.65000e-02	1.40000e+00	0.00000e+00	1.00000e+00	1.78571e+00
4.75000e-02	1.40000e+00	0.00000e+00	1.00000e+00	1.78571e+00
4.85000e-02	1.40000e+00	0.00000e+00	1.00000e+00	1.78571e+00
4.95000e-02	1.40000e+00	0.00000e+00	1.00000e+00	1.78571e+00
5.05000e-02	1.40000e+00	0.00000e+00	1.00000e+00	1.78571e+00
5.15000e-02	1.40000e+00	0.00000e+00	1.00000e+00	1.78571e+00
5.25000e-02	1.40000e+00	0.00000e+00	1.00000e+00	1.78571e+00
5.35000e-02	1.40000e+00	0.00000e+00	1.00000e+00	1.78571e+00
5.45000e-02	1.40000e+00	0.00000e+00	1.00000e+00	1.78571e+00
5.55000e-02	1.40000e+00	0.00000e+00	1.00000e+00	1.78571e+00
5.65000e-02	1.40000e+00	0.00000e+00	1.00000e+00	1.78571e+00
5.75000e-02	1.40000e+00	0.00000e+00	1.00000e+00	1.78571e+00
5.85000e-02	1.40000e+00	0.00000e+00	1.00000e+00	1.78571e+00
5.95000e-02	1.40000e+00	0.00000e+00	1.00000e+00	1.78571e+00
6.05000e-02	1.40000e+00	0.00000e+00	1.00000e+00	1.78571e+00
6.15000e-02	1.40000e+00	0.00000e+00	1.00000e+00	1.78571e+00
6.25000e-02	1.40000e+00	0.00000e+00	1.00000e+00	1.78571e+00
6.35000e-02	1.40000e+00	0.00000e+00	1.00000e+00	1.78571e+00
6.45000e-02	1.40000e+00	0.00000e+00	1.00000e+00	1.78571e+00
6.55000e-02	1.40000e+00	0.00000e+00	1.00000e+00	1.78571e+00
6.65000e-02	1.40000e+00	0.00000e+00	1.00000e+00	1.78571e+00
6.75000e-02	1.40000e+00	0.00000e+00	1.00000e+00	1.78571e+00
6.85000e-02	1.40000e+00	0.00000e+00	1.00000e+00	1.78571e+00
6.95000e-02	1.40000e+00	0.00000e+00	1.00000e+00	1.78571e+00
7.05000e-02	1.40000e+00	0.00000e+00	1.00000e+00	1.78571e+00
7.15000e-02	1.40000e+00	0.00000e+00	1.00000e+00	1.78571e+00
7.25000e-02	1.40000e+00	0.00000e+00	1.00000e+00	1.78571e+00
7.35000e-02	1.40000e+00	0.00000e+00	1.00000e+00	1.78571e+00
7.45000e-02	1.40000e+00	0.00000e+00	1.00000e+00	1.78571e+00
7.55000e-02	1.40000e+00	0.00000e+00	1.00000e+00	1.78571e+00
7.65000e-02	1.40000e+00	0.00000e+00	1.00000e+00	1.78571e+00
7.75000e-02	1.40000e+00	0.00000e+00	1.00000e+00	1.78571e+00
7.85000e-02	1.40000e+00	0.00000e+00	1.00000e+00	1.78571e+00
7.95000e-02	1.40000e+00	0.00000e+00	1.00000e+00	1.78571e+00
8.05000e-02	1.40000e+00	0.00000e+00	1.00000e+00	1.78571e+00
8.15000e-02	1.40000e+00	0.00000e+00	1.00000e+00	1.78571e+00
8.25000e-02	1.40000e+00	0.00000e+00	1.00000e+00	1.78571e+00
8.35000e-02	1.40000e+00	0.00000e+00	1.00000e+00	1.78571e+00
8.45000e-02	1.40000e+00	0.00000e+00	1.00000e+00	1.78571e+00
8.55000e-02	1.40000e+00	0.00000e+00	1.00000e+00	1.78571e+00
8.65000e-02	1.40000e+00	0.00000e+00	1.00000e+00	1.78571e+00
8.75000e-02	1.40000e+00	0.00000e+00	1.00000e+00	1.78571e+00
8.85000e-02	1.40000e+00	0.00000e+00	1.00000e+00	1.78571e+00
8.95000e-02	1.40000e+00	0.00000e+00	1.00000e+00	1.78571e+00
9.05000e-02	1.40000e+00	0.00000e+00	1.00000e+00	1.78571e+00
9.15000e-02	1.40000e+00	0.00000e+00	1.00000e+00	1.78571e+00
9.25000e-02	1.40000e+00	0.00000e+00	1.00000e+00	1.78571e+00
9.35000e-02	1.40000e+00	0.00000e+00	1.00000e+00	1.78571e+00
9.45000e-02	1.40000e+00	0.00000e+00	1.00000e+00	1.78571e+00
9.55000e-02	1.40000e+00	0.00000e+00	1.00000e+00	1.78571e+00
9.65000e-02	1.40000e+00	0.00000e+00	1.00000e+00	1.78571e+00
9.75000e-02	1.40000e+00	0.00000e+00	1.00000e+00	1.78571e+00
9.85000e-02	1.40000e+00	0.00000e+00	1.00000e+00	1.78571e+00
9.95000e-02	1.40000e+00	0.00000e+00	1.00000e+00	1.78571e+00
1.00500e-01	1.40000e+00	0.00000e+00	1.00000e+00	1.78571e+00
1.01500e-01	1.40000e+00	0.00000e+00	1.00000e+00	1.78571e+00
1.02500e-01	1.40000e+00	0.00000e+00	1.00000e+00	1.78571e+00
1.03500e-01	1.40000e+00	0.00000e+00	1.00000e+00	1.78571e+00
1.04500e-01	1.40000e+00	0.00000e+00	1.00000e+00	1.78571e+00
1.05500e-01	1.40000e+00	0.00000e+00	1.00000e+00	1.78571e+00
1.06500e-01	1.40000e+00	0.00000e+00	1.00000e+00	1.78571e+00
1.07500e-01	1.40000e+00	0.00000e+00	1.00000e+00	1.78571e+00
1.08500e-01	1.40000e+00	0.00000e+00	1.00000e+00	1.78571e+00
1.09500e-01	1.40000e+00	0.00000e+00	1.00000e+00	1.78571e+00
1.10500e-01	1.40000e+00	0.00000e+00	1.00000e+00	1.78571e+00
1.11500e-01	1.40000e+00	0.00000e+00	1.00000e+00	1.78571e+00
1.12500e-01	1.40000e+00	0.00000e+00	1.00000e+00	1.78571e+00
1.13500e-01	1.40000e+00	0.00000e+00	1.00000e+00	1.78571e+00
1.14500e-01	1.40000e+00	0.00000e+00	1.00000e+00	1.78571e+00
1.15500e-01	1.40000e+00	0.00000e+00	1.00000e+00	1.78571e+00
1.16500e-01	1.40000e+00	0.00000e+00	1.00000e+00	1.78571e+00
1.17500e-01	1.40000e+00	0.00000e+00	1.00000e+00	1.78571e+00
1.18500e-01	1.40000e+00	0.00000e+00	1.00000e+00	1.78571e+00
1.19500e-01	1.40000e+00	0.00000e+00	1.00000e+00	1.78571e+00
1.20500e-01	1.40000e+00	0.00000e+00	1.00000e+00	1.78571e+00
1.21500e-01	1.40000e+00	0.00000e+00	1.00000e+00	1.78571e+00
1.22500e-01	1.40000e+00	0.00000e+00	1.00000e+00	1.78571e+00
1.23500e-01	1.40000e+00	0.00000e+00	1.00000e+00	1.78571e+00
1.24500e-01	1.40000e+00	0.00000e+00	1.00000e+00	1.78571e+00
1.25500e-01	1.40000e+00	0.00000e+00	1.00000e+00	1.78571e+00
1.26500e-01	1.40000e+00	0.00000e+00	1.00000e+00	1.78571e+00
1.27500e-01	1.40000e+00	0.00000e+00	1.00000e+00	1.78571e+00
1.28500e-01	1.40000e+00	0.00000e+00	1.00000e+00	1.78571e+00
1.29500e-01	1.40000e+00	0.00000e+00	1.00000e+00	1.78571e+00
1.30500e-01	1.40000e+00	0.00000e+00	1.00000e+00	1.78571e+00
1.31500e-01	1.40000e+00	0.00000e+00	1.00000e+00	1.78571e+00
1.32500e-01	1.40000e+00	0.00000e+00	1.00000e+00	1.78571e+00
1.33500e-01	1.40000e+00	0.00000e+00	1.00000e+00	1.78571e+00
1.34500e-01	1.40000e+00	0.00000e+00	1.00000e+00	1.78571e+00
1.35500e-01	1.40000e+00	0.00000e+00	1.00000e+00	1.78571e+00
1.36500e-01	1.40000e+00	0.00000e+00	1.00000e+00	1.78571e+00
1.37500e-01	1.40000e+00	0.00000e+00	1.00000e+00	1.78571e+00
1.38500e-01	1.40000e+00	0.00000e+00	1.00000e+00	1.78571e+00
1.39500e-01	1.40000e+00	0.00000e+00	1.00000e+00	1.78571e+00
1.40500e-01	1.40000e+00	0.00000e+00	1.00000e+00	1.78571e+00
1.41500e-01	1.40000e+00	0.00000e+00	1.00000e+00	1.78571e+00
1.42500e-01	1.40000e+00	0.00000e+00	1.00000e+00	1.78571e+00
1.43500e-01	1.40000e+00	0.00000e+00	1.00000e+00	1.78571e+00
1.44500e-01	1.40000e+00	0.00000e+00	1.00000e+00	1.78571e+00
1.45500e-01	1.40000e+00	0.00000e+00	1.00000e+00	1.78571e+00
1.46500e-01	1.40000e+00	0.00000e+00	1.00000e+00	1.78571e+00
1.47500e-01	1.40000e+00	0.00000e+00	1.00000e+00	1.78571e+00
1.48500e-01	1.40000e+00	0.00000e+00	1.00000e+00	1.78571e+00
1.49500e-01	1.40000e+00	0.00000e+00	1.00000e+00	1.78571e+00
1.50500e-01	1.40000e+00	0.00000e+00	1.00000e+00	1.78571e+00
1.51500e-01	1.40000e+00	0.00000e+00	1.00000e+00	1.78571e+00
1.52500e-01	1.40000e+00	0.00000e+00	1.00000e+00	1.78571e+00
1.53500e-01	1.40000e+00	0.00000e+00	1.00000e+00	1.78571e+00
1.54500e-01	1.40000e+00	0.00000e+00	1.00000e+00	1.78571e+00
1.55500e-01	1.40000e+00	0.00000e+00	1.00000e+00	1.78571e+00
1.56500e-01	1.40000e+00	0.00000e+00	1.00000e+00	1.78571e+00
1.57500e-01	1.40000e+00	0.00000e+00	1.00000e+00	1.78571e+00
1.58500e-01	1.40000e+00	0.00000e+00	1.00000e+00	1.78571e+00
1.59500e-01	1.40000e+00	0.00000e+00	1.00000e+00	1.78571e+00
1.60500e-01	1.40000e+00	0.00000e+00	1.00000e+00	1.78571e+00
1.61500e-01	1.40000e+00	0.00000e+00	1.00000e+00	1.78571e+00
1.62500e-01	1.40000e+00	0.00000e+00	1.00000e+00	1.78571e+00
1.63500e-01	1.40000e+00	0.00000e+00	1.00000e+00	1.78571e+00
1.64500e-01	1.40000e+00	0.00000e+00	1.00000e+00	1.78571e+00
1.65500e-01	1.40000e+00	0.00000e+00	1.00000e+00	1.78571e+00
1.66500e-01	1.40000e+00	0.00000e+00	1.00000e+00	1.78571e+00
1.67500e-01	1.40000e+00	0.00000e+00	1.00000e+00	1.78571e+00
1.68500e-01	1.40000e+00	0.00000e+00	1.00000e+00	1.78571e+00
1.69500e-01	1.40000e+00	0.00000e+00	1.00000e+00	1.78571e+00
1.70500e-01	1.40000e+00	0.00000e+00	1.00000e+00	1.78571e+00
1.71500e-01	1.40000e+00	0.00000e+00	1.00000e+00	1.78571e+00
1.72500e-01	1.40000e+00	0.00000e+00	1.00000e+00	1.78571e+00
1.73500e-01	1.40000e+00	0.00000e+00	1.00000e+00	1.78571e+00
1.74500e-01	1.40000e+00	0.00000e+00	1.00000e+00	1.78571e+00
1.75500e-01	1.40000e+00	0.00000e+00	1.00000e+00	1.78571e+00
1.76500e-01	1.40000e+00	0.00000e+00	1.00000e+00	1.78571e+00
1.77500e-01	1.40000e+00	0.00000e+00	1.00000e+00	1.78571e+00
1.78500e-01	1.40000e+00	0.00000e+00	1.00000e+00	1.78571e+00
1.79500e-01	1.40000e+00	0.00000e+00	1.00000e+00	1.78571e+00
1.80500e-01	1.40000e+00	0.00000e+00	1.00000e+00	1.78571e+00
1.81500e-01	1.40000e+00	0.00000e+00	1.00000e+00	1.78571e+00
1.82500e-01	1.40000e+00	0.00000e+00	1.00000e+00	1.78571e+00
1.83500e-01	1.40000e+00	0.00000e+00	1.00000e+00	1.78571e+00
1.84500e-01	1.40000e+00	0.00000e+00	1.00000e+00	1.78571e+00
1.85500e-01	1.40000e+00	0.00000e+00	1.00000e+00	1.78571e+00
1.86500e-01	1.40000e+00	0.00000e+00	1.00000e+00	1.78571e+00
1.87500e-01	1.40000e+00	0.00000e+00	1.00000e+00	1.78571e+00
1.88500e-01	1.40000e+00	0.00000e+00	1.00000e+00	1.78571e+00
1.89500e-01	1.40000e+00	0.00000e+00	1.00000e+00	1.78571e+00
1.90500e-01	1.40000e+00	0.00000e+00	1.00000e+00	1.78571e+00
1.91500e-01	1.40000e+00	0.00000e+00	1.00000e+00	1.78571e+00
1.92500e-01	1.40000e+00	0.00000e+00	1.00000e+00	1.78571e+00
1.93500e-01	1.40000e+00	0.00000e+00	1.00000e+00	1.78571e+00
1.94500e-01	1.40000e+00	0.00000e+00	1.00000e+00	1.78571e+00
1.95500e-01	1.40000e+00	0.00000e+00	1.00000e+00	1.78571e+00
1.96500e-01	1.40000e+00	0.00000e+00	1.00000e+00	1.78571e+00
1.97500e-01	1.40000e+00	0.00000e+00	1.00000e+00	1.78571e+00
1.98500e-01	1.40000e+00	0.00000e+00	1.00000e+00	1.78571e+00
1.99500e-01	1.40000e+00	0.00000e+00	1.00000e+00	1.78571e+00
2.00500e-01	1.40000e+00	0.00000e+00	1.00000e+00	1.78571e+00
2.01500e-01	1.40000e+00	0.00000e+00	1.00000e+00	1.78571e+00
2.02500e-01	1.40000e+00	0.00000e+00	1.00000e+00	1.78571e+00
2.03500e-01	1.40000e+00	0.00000e+00	1.00000e+00	1.78571e+00
2.04500e-01	1.40000e+00	0.00000e+00	1.00000e+00	1.78571e+00
2.05500e-01	1.40000e+00	0.00000e+00	1.00000e+00	1.78571e+00
2.06500e-01	1.40000e+00	0.00000e+00	1.00000e+00	1.78571e+00
2.07500e-01	1.40000e+00	0.00000e+00	1.00000e+00	1.78571e+00
2.08500e-01	1.40000e+00	0.00000e+00	1.00000e+00	1.78571e+00
2.09500e-01	1.40000e+00	0.00000e+00	1.00000e+00	1.78571e+00
2.10500e-01	1.40000e+00	0.00000e+00	1.00000e+00	1.78571e+00
2.11500e-01	1.40000e+00	0.00000e+00	1.00000e+00	1.78571e+00
2.12500e-01	1.40000e+00	0.00000e+00	1.00000e+00	1.78571e+00
2.13500e-01	1.40000e+00	0.00000e+00	1.00000e+00	1.78571e+00
2.14500e-01	1.40000e+00	0.00000e+00	1.00000e+00	1.78571e+00
2.15500e-01	1.40000e+00	0.00000e+00	1.00000e+00	1.78571e+00
2.16500e-01	1.40000e+00	0.00000e+00	1.00000e+00	1.78571e+00
2.17500e-01	1.40000e+00	0.00000e+00	1.00000e+00	1.78571e+00
2.18500e-01	1.40000e+00	0.00000e+00	1.00000e+00	1.78571e+00
2.19500e-01	1.40000e+00	0.00000e+00	1.00000e+00	1.78571e+00
2.20500e-01	1.40000e+00	0.00000e+00	1.00000e+00	1.78571e+00
2.21500e-01	1.40000e+00	0.00000e+00	1.00000e+00	1.78571e+00
2.22500e-01	1.40000e+00	0.00000e+00	1.00000e+00	1.78571e+00
2.23500e-01	1.40000e+00	0.00000e+00	1.00000e+00	1.78571e+00
2.24500e-01	1.40000e+00	0.00000e+00	1.00000e+00	1.78571e+00
2.25500e-01	1.40000e+00	0.00000e+00	1.00000e+00	1.78571e+00
2.26500e-01	1.40000e+00	0.00000e+00	1.00000e+00	1.78571e+00
2.27500e-01	1.40000e+00	0.00000e+00	1.00000e+00	1.78571e+00
2.28500e-01	1.40000e+00	0.00000e+00	1.00000e+00	1.78571e+00
2.29500e-01	1.40000e+00	0.00000e+00	1.00000e+00	1.78571e+00
2.30500e-01	1.40000e+00	0.00000e+00	1.00000e+00	1.78571e+00
2.31500e-01	1.40000e+00	0.00000e+00	1.00000e+00	1.78571e+00
2.32500e-01	1.40000e+00	0.00000e+00	1.00000e+00	1.78571e+00
2.33500e-01	1.40000e+00	0.00000e+00	1.00000e+00	1.78571e+00
2.34500e-01	1.40000e+00	0.00000e+00	1.00000e+00	1.78571e+00
2.35500e-01	1.40000e+00	0.00000e+00	1.00000e+00	1.78571e+00
2.36500e-01	1.40000e+00	0.00000e+00	1.00000e+00	1.78571e+00
2.37500e-01	1.40000e+00	0.00000e+00	1.00000e+00	1.78571e+00
2.38500e-01	1.40000e+00	0.00000e+00	1.00000e+00	1.78571e+00
2.39500e-01	1.40000e+00	0.00000e+00	1.00000e+00	1.78571e+00
2.40500e-01	1.40000e+00	0.00000e+00	1.00000e+00	1.78571e+00
2.41500e-01	1.40000e+00	0.00000e+00	1.00000e+00	1.78571e+00
2.42500e-01	1.40000e+00	0.00000e+00	1.00000e+00	1.78571e+00
2.43500e-01	1.40000e+00	0.00000e+00	1.00000e+00	1.78571e+00
2.44500e-01	1.40000e+00	0.00000e+00	1.00000e+00	1.78571e+00
2.45500e-01	1.40000e+00	0.00000e+00	1.00000e+00	1.78571e+00
2.46500e-01	1.40000e+00	0.00000e+00	1.00000e+00	1.78571e+00
2.47500e-01	1.40000e+00	0.00000e+00	1.00000e+00	1.78571e+00
2.48500e-01	1.40000e+00	0.00000e+00	1.00000e+00	1.78571e+00
2.49500e-01	1.40000e+00	0.00000e+00	1.00000e+00	1.78571e+00
2.50500e-01	1.40000e+00	0.00000e+00	1.00000e+00	1.78571e+00
2.51500e-01	1.40000e+00	0.00000e+00	1.00000e+00	1.78571e+00
2.52500e-01	1.40000e+00	0.00000e+00	1.00000e+00	1.78571e+00
2.53500e-01	1.40000e+00	0.00000e+00	1.00000e+00	1.78571e+00
2.54500e-01	1.40000e+00	0.00000e+00	1.00000e+00	1.78571e+00
2.55500e-01	1.40000e+00	0.00000e+00	1.00000e+00	1.78571e+00
2.56500e-01	1.40000e+00	0.00000e+00	1.00000e+00	1.78571e+00
2.57500e-01	1.40000e+00	0.00000e+00	1.00000e+00	1.78571e+00
2.58500e-01	1.40000e+00	0.00000e+00	1.00000e+00	1.78571e+00
2.59500e-01	1.40000e+00	0.00000e+00	1.00000e+00	1.78571e+00
2.60500e-01	1.40000e+00	0.00000e+00	1.00000e+00	1.78571e+00
2.61500e-01	1.40000e+00	0.00000e+00	1.00000e+00	1.78571e+00
2.62500e-01	1.40000e+00	0.00000e+00	1.00000e+00	1.78571e+00
2.63500e-01	1.40000e+00	0.00000e+00	1.00000e+00	1.78571e+00
2.64500e-01	1.40000e+00	0.00000e+00	1.00000e+00	1.78571e+00
2.65500e-01	1.40000e+00	0.00000e+00	1.00000e+00	1.78571e+00
2.66500e-01	1.40000e+00	0.00000e+00	1.00000e+00	1.78571e+00
2.67500e-01	1.40000e+00	0.00000e+00	1.00000e+00	1.78571e+00
2.68500e-01	1.40000e+00	0.00000e+00	1.00000e+00	1.78571e+00
2.69500e-01	1.40000e+00	0.00000e+00	1.00000e+00	1.78571e+00
2.70500e-01	1.40000e+00	0.00000e+00	1.00000e+00	1.78571e+00
2.71500e-01	1.40000e+00	0.00000e+00	1.00000e+00	1.78571e+00
2.72500e-01	1.40000e+00	0.00000e+00	1.00000e+00	1.78571e+00
2.73500e-01	1.40000e+00	0.00000e+00	1.00000e+00	1.78571e+00
2.74500e-01	1.40000e+00	0.00000e+00	1.00000e+00	1.78571e+00
2.75500e-01	1.40000e+00	0.00000e+00	1.00000e+00	1.78571e+00
2.76500e-01	1.40000e+00	0.00000e+00	1.00000e+00	1.78571e+00
2.77500e-01	1.40000e+00	0.00000e+00	1.00000e+00	1.78571e+00
2.78500e-01	1.40000e+00	0.00000e+00	1.00000e+00	1.78571e+00
2.79500e-01	1.40000e+00	0.00000e+00	1.00000e+00	1.78571e+00
2.80500e-01	1.40000e+00	0.00000e+00	1.00000e+00	1.78571e+00
2.81500e-01	1.40000e+00	0.00000e+00	1.00000e+00	1.78571e+00
2.82500e-01	1.40000e+00	0.00000e+00	1.00000e+00	1.78571e+00
2.83500e-01	1.40000e+00	0.00000e+00	1.00000e+00	1.78571e+00
2.84500e-01	1.40000e+00	0.00000e+00	1.00000e+00	1.78571e+00
2.85500e-01	1.40000e+00	0.00000e+00	1.00000e+00	1.78571e+00
2.86500e-01	1.40000e+00	0.00000e+00	1.00000e+00	1.78571e+00
2.87500e-01	1.40000e+00	0.00000e+00	1.00000e+00	1.78571e+00
2.88500e-01	1.40000e+00	0.00000e+00	1.00000e+00	1.78571e+00
2.89500e-01	1.40000e+00	0.00000e+00	1.00000e+00	1.78571e+00
2.90500e-01	1.40000e+00	0.00000e+00	1.00000e+00	1.78571e+00
2.91500e-01	1.40000e+00	0.00000e+00	1.00000e+00	1.78571e+00
2.92500e-01	1.40000e+00	0.00000e+00	1.00000e+00	1.78571e+00
2.93500e-01	1.40000e+00	0.00000e+00	1.00000e+00	1.78571e+00
2.94500e-01	1.40000e+00	0.00000e+00	1.00000e+00	1.78571e+00
2.95500e-01	1.40000e+00	0.00000e+00	1.00000e+00	1.78571e+00
2.96500e-01	1.40000e+00	0.00000e+00	1.00000e+00	1.78571e+00
2.97500e-01	1.40000e+00	0.00000e+00	1.00000e+00	1.78571e+00
2.98500e-01	1.40000e+00	0.00000e+00	1.00000e+00	1.78571e+00
2.99500e-01	1.40000e+00	0.00000e+00	1.00000e+00	1.78571e+00
3.00500e-01	1.40000e+00	0.00000e+00	1.00000e+00	1.78571e+00
3.01500e-01	1.40000e+00	0.00000e+00	1.00000e+00	1.78571e+00
3.02500e-01	1.40000e+00	0.00000e+00	1.00000e+00	1.78571e+00
3.03500e-01	1.40000e+00	0.00000e+00	1.00000e+00	1.78571e+00
3.04500e-01	1.40000e+00	0.00000e+00	1.00000e+00	1.78571e+00
3.05500e-01	1.40000e+00	0.00000e+00	1.00000e+00	1.78571e+00
3.06500e-01	1.40000e+00	0.00000e+00	1.00000e+00	1.78571e+00
3.07500e-01	1.40000e+00	0.00000e+00	1.00000e+00	1.78571e+00
3.08500e-01	1.40000e+00	0.00000e+00	1.00000e+00	1.78571e+00
3.09500e-01	1.40000e+00	0.00000e+00	1.00000e+00	1.78571e+00
3.10500e-01	1.40000e+00	0.00000e+00	1.00000e+00	1.78571e+00
3.11500e-01	1.40000e+00	0.00000e+00	1.00000e+00	1.78571e+00
3.12500e-01	1.40000e+00	0.00000e+00	1.00000e+00	1.78571e+00
3.13500e-01	1.40000e+00	0.00000e+00	1.00000e+00	1.78571e+00
3.14500e-01	1.40000e+00	0.00000e+00	1.00000e+00	1.78571e+00
3.15500e-01	1.40000e+00	0.00000e+00	1.00000e+00	1.78571e+00
3.16500e-01	1.40000e+00	0.00000e+00	1.00000e+00	1.78571e+00
3.17500e-01	1.40000e+00	0.00000e+00	1.00000e+00	1.78571e+00
3.18500e-01	1.40000e+00	0.00000e+00	1.00000e+00	1.78571e+00
3.19500e-01	1.40000e+00	0.00000e+00	1.00000e+00	1.78571e+00
3.20500e-01	1.40000e+00	0.00000e+00	1.00000e+00	1.78571e+00
3.21500e-01	1.40000e+00	0.00000e+00	1.00000e+00	1.78571e+00
3.22500e-01	1.40000e+00	0.00000e+00	1.00000e+00	1.78571e+00
3.23500e-01	1.40000e+00	0.00000e+00	1.00000e+00	1.78571e+00
3.24500e-01	1.40000e+00	0.00000e+00	1.00000e+00	1.78571e+00
3.25500e-01	1.40000e+00	0.00000e+00	1.00000e+00	1.78571e+00
3.26500e-01	1.40000e+00	0.00000e+00	1.00000e+00	1.78571e+00
3.27500e-01	1.40000e+00	0.00000e+00	1.00000e+00	1.78571e+00
3.28500e-01	1.40000e+00	0.00000e+00	1.00000e+00	1.78571e+00
3.29500e-01	1.40000e+00	0.00000e+00	1.00000e+00	1.78571e+00
3.30500e-01	1.40000e+00	0.00000e+00	1.00000e+00	1.78571e+00
3.31500e-01	1.40000e+00	0.00000e+00	1.00000e+00	1.78571e+00
3.32500e-01	1.40000e+00	0.00000e+00	1.00000e+00	1.78571e+00
3.33500e-01	1.40000e+00	0.00000e+00	1.00000e+00	1.78571e+00
3.34500e-01	1.40000e+00	0.00000e+00	1.00000e+00	1.78571e+00
3.35500e-01	1.40000e+00	0.00000e+00	1.00000e+00	1.78571e+00
3.36500e-01	1.40000e+00	0.00000e+00	1.00000e+00	1.78571e+00
3.37500e-01	1.40000e+00	0.00000e+00	1.00000e+00	1.78571e+00
3.38500e-01	1.40000e+00	0.00000e+00	1.00000e+00	1.78571e+00
3.39500e-01	1.40000e+00	0.00000e+00	1.00000e+00	1.78571e+00
3.40500e-01	1.40000e+00	0.00000e+00	1.00000e+00	1.78571e+00
3.41500e-01	1.40000e+00	0.00000e+00	1.00000e+00	1.78571e+00
3.42500e-01	1.40000e+00	0.00000e+00	1.00000e+00	1.78571e+00
3.43500e-01	1.40000e+00	0.00000e+00	1.00000e+00	1.78571e+00
3.44500e-01	1.40000e+00	0.00000e+00	1.00000e+00	1.78571e+00
3.45500e-01	1.40000e+00	0.00000e+00	1.00000e+00	1.78571e+00
3.46500e-01	1.40000e+00	0.00000e+00	1.00000e+00	1.78571e+00
3.47500e-01	1.40000e+00	0.00000e+00	1.00000e+00	1.78571e+00
3.48500e-01	1.40000e+00	0.00000e+00	1.00000e+00	1.78571e+00
3.49500e-01	1.40000e+00	0.00000e+00	1.00000e+00	1.78571e+00
3.50500e-01	1.40000e+00	0.00000e+00	1.00000e+00	1.78571e+00
3.51500e-01	1.40000e+00	0.00000e+00	1.00000e+00	1.78571e+00
3.52500e-01	1.40000e+00	0.00000e+00	1.00000e+00	1.78571e+00
3.53500e-01	1.40000e+00	0.00000e+00	1.00000e+00	1.78571e+00
3.54500e-01	1.40000e+00	0.00000e+00	1.00000e+00	1.78571e+00
3.55500e-01	1.40000e+00	0.00000e+00	1.00000e+00	1.78571e+00
3.56500e-01	1.40000e+00	0.00000e+00	1.00000e+00	1.78571e+00
3.57500e-01	1.40000e+00	0.00000e+00	1.00000e+00	1.78571e+00
3.58500e-01	1.40000e+00	0.00000e+00	1.00000e+00	1.78571e+00
3.59500e-01	1.40000e+00	0.00000e+00	1.00000e+00	1.78571e+00
3.60500e-01	1.40000e+00	0.00000e+00	1.00000e+00	1.78571e+00
3.61500e-01	1.40000e+00	0.00000e+00	1.00000e+00	1.78571e+00
3.62500e-01	1.40000e+00	0.00000e+00	1.00000e+00	1.78571e+00
3.63500e-01	1.40000e+00	0.00000e+00	1.00000e+00	1.78571e+00
3.64500e-01	1.40000e+00	0.00000e+00	1.00000e+00	1.78571e+00
3.65500e-01	1.40000e+00	0.00000e+00	1.00000e+00	1.78571e+00
3.66500e-01	1.40000e+00	0.00000e+00	1.00000e+00	1.78571e+00
3.67500e-01	1.40000e+00	0.00000e+00	1.00000e+00	1.78571e+00
3.68500e-01	1.40000e+00	0.00000e+00	1.00000e+00	1.78571e+00
3.69500e-01	1.40000e+00	0.00000e+00	1.00000e+00	1.78571e+00
3.70500e-01	1.40000e+00	0.00000e+00	1.00000e+00	1.78571e+00
3.71500e-01	1.40000e+00	0.00000e+00	1.00000e+00	1.78571e+00
3.72500e-01	1.40000e+00	0.00000e+00	1.00000e+00	1.78571e+00
3.73500e-01	1.40000e+00	0.00000e+00	1.00000e+00	1.78571e+00
3.74500e-01	1.40000e+00	0.00000e+00	1.00000e+00	1.78571e+00
3.75500e-01	1.40000e+00	0.00000e+00	1.00000e+00	1.78571e+00
3.76500e-01	1.40000e+00	0.00000e+00	1.00000e+00	1.78571e+00
3.77500e-01	1.40000e+00	0.00000e+00	1.00000e+00	1.78571e+00
3.78500e-01	1.40000e+00	0.00000e+00	1.00000e+00	1.78571e+00
3.79500e-01	1.40000e+00	0.00000e+00	1.00000e+00	1.78571e+00
3.80500e-01	1.40000e+00	0.00000e+00	1.00000e+00	1.78571e+00
3.81500e-01	1.40000e+00	0.00000e+00	1.00000e+00	1.78571e+00
3.82500e-01	1.40000e+00	0.00000e+00	1.00000e+00	1.78571e+00
3.83500e-01	1.40000e+00	0.00000e+00	1.00000e+00	1.78571e+00
3.84500e-01	1.40000e+00	0.00000e+00	1.00000e+00	1.78571e+00
3.85500e-01	1.40000e+00	0.00000e+00	1.00000e+00	1.78571e+00
3.86500e-01	1.40000e+00	0.00000e+00	1.00000e+00	1.78571e+00
3.87500e-01	1.40000e+00	0.00000e+00	1.00000e+00	1.78571e+00
3.88500e-01	1.40000e+00	0.00000e+00	1.00000e+00	1.78571e+00
3.89500e-01	1.40000e+00	0.00000e+00	1.00000e+00	1.78571e+00
3.90500e-01	1.40000e+00	0.00000e+00	1.00000e+00	1.78571e+00
3.91500e-01	1.40000e+00	0.00000e+00	1.00000e+00	1.78571e+00
3.92500e-01	1.40000e+00	0.00000e+00	1.00000e+00	1.78571e+00
3.93500e-01	1.40000e+00	0.00000e+00	1.00000e+00	1.78571e+00
3.94500e-01	1.40000e+00	0.00000e+00	1.00000e+00	1.78571e+00
3.95500e-01	1.40000e+00	0.00000e+00	1.00000e+00	1.78571e+00
3.96500e-01	1.40000e+00	0.00000e+00	1.00000e+00	1.78571e+00
3.97500e-01	1.40000e+00	0.00000e+00	1.00000e+00	1.78571e+00
3.98500e-01	1.40000e+00	0.00000e+00	1.00000e+00	1.78571e+00
3.99500e-01	1.40000e+00	0.00000e+00	1.00000e+00	1.78571e+00
4.00500e-01	1.40000e+00	0.00000e+00	1.00000e+00	1.78571e+00
4.01500e-01	1.40000e+00	0.00000e+00	1.00000e+00	1.78571e+00
4.02500e-01	1.40000e+00	0.00000e+00	1.00000e+00	1.78571e+00
4.03500e-01	1.40000e+00	0.00000e+00	1.00000e+00	1.78571e+00
4.04500e-01	1.40000e+00	0.00000e+00	1.00000e+00	1.78571e+00
4.05500e-01	1.40000e+00	0.00000e+00	1.00000e+00	1.78571e+00
4.06500e-01	1.40000e+00	0.00000e+00	1.00000e+00	1.78571e+00
4.07500e-01	1.40000e+00	0.00000e+00	1.00000e+00	1.78571e+00
4.08500e-01	1.40000e+00	0.00000e+00	1.00000e+00	1.78571e+00
4.09500e-01	1.40000e+00	0.00000e+00	1.00000e+00	1.78571e+00
4.10500e-01	1.40000e+00	0.00000e+00	1.00000e+00	1.78571e+00
4.11500e-01	1.40000e+00	0.00000e+00	1.00000e+00	1.78571e+00
4.12500e-01	1.40000e+00	0.00000e+00	1.00000e+00	1.78571e+00
4.13500e-01	1.40000e+00	0.00000e+00	1.00000e+00	1.78571e+00
4.14500e-01	1.40000e+00	0.00000e+00	1.00000e+00	1.78571e+00
4.15500e-01	1.40000e+00	0.00000e+00	1.00000e+00	1.78571e+00
4.16500e-01	1.40000e+00	0.00000e+00	1.00000e+00	1.78571e+00
4.17500e-01	1.40000e+00	0.00000e+00	1.00000e+00	1.78571e+00
4.18500e-01	1.40000e+00	0.00000e+00	1.00000e+00	1.78571e+00
4.19500e-01	1.40000e+00	0.00000e+00	1.00000e+00	1.78571e+00
4.20500e-01	1.40000e+00	0.00000e+00	1.00000e+00	1.78571e+00
4.21500e-01	1.40000e+00	0.00000e+00	1.00000e+00	1.78571e+00
4.22500e-01	1.40000e+00	0.00000e+00	1.00000e+00	1.78571e+00
4.23500e-01	1.40000e+00	0.00000e+00	1.00000e+00	1.78571e+00
4.24500e-01	1.40000e+00	0.00000e+00	1.00000e+00	1.78571e+00
4.25500e-01	1.40000e+00	0.00000e+00	1.00000e+00	1.78571e+00
4.26500e-01	1.40000e+00	0.00000e+00	1.00000e+00	1.78571e+00
4.27500e-01	1.40000e+00	0.00000e+00	1.00000e+00	1.78571e+00
4.28500e-01	1.40000e+00	0.00000e+00	1.00000e+00	1.78571e+00
4.29500e-01	1.40000e+00	0.00000e+00	1.00000e+00	1.78571e+00
4.30500e-01	1.40000e+00	0.00000e+00	1.00000e+00	1.78571e+00
4.31500e-01	1.40000e+00	0.00000e+00	1.00000e+00	1.78571e+00
4.32500e-01	1.40000e+00	0.00000e+00	1.00000e+00	1.78571e+00
4.33500e-01	1.40000e+00	0.00000e+00	1.00000e+00	1.78571e+00
4.34500e-01	1.40000e+00	0.00000e+00	1.00000e+00	1.78571e+00
4.35500e-01	1.40000e+00	0.00000e+00	1.00000e+00	1.78571e+00
4.36500e-01	1.40000e+00	0.00000e+00	1.00000e+00	1.78571e+00
4.37500e-01	1.40000e+00	0.00000e+00	1.00000e+00	1.78571e+00
4.38500e-01	1.40000e+00	0.00000e+00	1.00000e+00	1.78571e+00
4.39500e-01	1.40000e+00	0.00000e+00	1.00000e+00	1.78571e+00
4.40500e-01	1.40000e+00	0.00000e+00	1.00000e+00	1.78571e+00
4.41500e-01	1.40000e+00	0.00000e+00	1.00000e+00	1.78571e+00
4.42500e-01	1.40000e+00	0.00000e+00	1.00000e+00	1.78571e+00
4.43500e-01	1.40000e+00	0.00000e+00	1.00000e+00	1.78571e+00
4.44500e-01	1.40000e+00	0.00000e+00	1.00000e+00	1.78571e+00
4.45500e-01	1.40000e+00	0.00000e+00	1.00000e+00	1.78571e+00
4.46500e-01	1.40000e+00	0.00000e+00	1.00000e+00	1.78571e+00
4.47500e-01	1.40000e+00	0.00000e+00	1.00000e+00	1.78571e+00
4.48500e-01	1.40000e+00	0.00000e+00	1.00000e+00	1.78571e+00
4.49500e-01	1.40000e+00	0.00000e+00	1.00000e+00	1.78571e+00
4.50500e-01	1.40000e+00	0.00000e+00	1.00000e+00	1.78571e+00
4.51500e-01	1.40000e+00	0.00000e+00	1.00000e+00	1.78571e+00
4.52500e-01	1.40000e+00	0.00000e+00	1.00000e+00	1.78571e+00
4.53500e-01	1.40000e+00	0.00000e+00	1.00000e+00	1.78571e+00
4.54500e-01	1.40000e+00	0.00000e+00	1.00000e+00	1.78571e+00
4.55500e-01	1.40000e+00	0.00000e+00	1.00000e+00	1.78571e+00
4.56500e-01	1.40000e+00	0.00000e+00	1.00000e+00	1.78571e+00
4.57500e-01	1.40000e+00	0.00000e+00	1.00000e+00	1.78571e+00
4.58500e-01	1.40000e+00	0.00000e+00	1.00000e+00	1.78571e+00
4.59500e-01	1.40000e+00	0.00000e+00	1.00000e+00	1.78571e+00
4.60500e-01	1.40000e+00	0.00000e+00	1.00000e+00	1.78571e+00
4.61500e-01	1.40000e+00	0.00000e+00	1.00000e+00	1.78571e+00
4.62500e-01	1.40000e+00	0.00000e+00	1.00000e+00	1.78571e+00
4.63500e-01	1.40000e+00	0.00000e+00	1.00000e+00	1.78571e+00
4.64500e-01	1.40000e+00	0.00000e+00	1.00000e+00	1.78571e+00
4.65500e-01	1.40000e+00	0.00000e+00	1.00000e+00	1.78571e+00
4.66500e-01	1.40000e+00	0.00000e+00	1.00000e+00	1.78571e+00
4.67500e-01	1.40000e+00	0.00000e+00	1.00000e+00	1.78571e+00
4.68500e-01	1.40000e+00	0.00000e+00	1.00000e+00	1.78571e+00
4.69500e-01	1.40000e+00	0.00000e+00	1.00000e+00	1.78571e+00
4.70500e-01	1.40000e+00	0.00000e+00	1.00000e+00	1.78571e+00
4.71500e-01	1.40000e+00	0.00000e+00	1.00000e+00	1.78571e+00
4.72500e-01	1.40000e+00	0.00000e+00	1.00000e+00	1.78571e+00
4.73500e-01	1.40000e+00	0.00000e+00	1.00000e+00	1.78571e+00
4.74500e-01	1.40000e+00	0.00000e+00	1.00000e+00	1.78571e+00
4.75500e-01	1.40000e+00	0.00000e+00	1.00000e+00	1.78571e+00
4.76500e-01	1.40000e+00	0.00000e+00	1.00000e+00	1.78571e+00
4.77500e-01	1.40000e+00	0.00000e+00	1.00000e+00	1.78571e+00
4.78500e-01	1.40000e+00	0.00000e+00	1.00000e+00	1.78571e+00
4.79500e-01	1.40000e+00	0.00000e+00	1.00000e+00	1.78571e+00
4.80500e-01	1.40000e+00	0.00000e+00	1.00000e+00	1.78571e+00
4.81500e-01	1.40000e+00	0.00000e+00	1.00000e+00	1.78571e+00
4.82500e-01	1.40000e+00	0.00000e+00	1.00000e+00	1.78571e+00
4.83500e-01	1.40000e+00	0.00000e+00	1.00000e+00	1.78571e+00
4.84500e-01	1.40000e+00	0.00000e+00	1.00000e+00	1.78571e+00
4.85500e-01	1.40000e+00	0.00000e+00	1.00000e+00	1.78571e+00
4.86500e-01	1.40000e+00	0.00000e+00	1.00000e+00	1.78571e+00
4.87500e-01	1.40000e+00	0.00000e+00	1.00000e+00	1.78571e+00
4.88500e-01	1.40000e+00	0.00000e+00	1.00000e+00	1.78571e+00
4.89500e-01	1.40000e+00	0.00000e+00	1.00000e+00	1.78571e+00
4.90500e-01	1.40000e+00	0.00000e+00	1.00000e+00	1.78571e+00
4.91500e-01	1.40000e+00	0.00000e+00	1.00000e+00	1.78571e+00
4.92500e-01	1.40000e+00	0.00000e+00	1.00000e+00	1.78571e+00
4.93500e-01	1.40000e+00	0.00000e+00	1.00000e+00	1.78571e+00
4.94500e-01	1.40000e+00	0.00000e+00	1.00000e+00	1.78571e+00
4.95500e-01	1.40000e+00	0.00000e+00	1.00000e+00	1.78571e+00
4.96500e-01	1.40000e+00	0.00000e+00	1.00000e+00	1.78571e+00
4.97500e-01	1.40000e+00	0.00000e+00	1.00000e+00	1.78571e+00
4.98500e-01	1.40000e+00	0.00000e+00	1.00000e+00	1.78571e+00
4.99500e-01	1.40000e+00	0.00000e+00	1.00000e+00	1.78571e+00
5.00500e-01	1.00000e+00	0.00000e+00	1.00000e+00	2.50000e+00
5.01500e-01	1.00000e+00	0.00000e+00	1.00000e+00	2.50000e+00
5.02500e-01	1.00000e+00	0.00000e+00	1.00000e+00	2.50000e+00
5.03500e-01	1.00000e+00	0.00000e+00	1.00000e+00	2.50000e+00
5.04500e-01	1.00000e+00	0.00000e+00	1.00000e+00	2.50000e+00
5.05500e-01	1.00000e+00	0.00000e+00	1.00000e+00	2.50000e+00
5.06500e-01	1.00000e+00	0.00000e+00	1.00000e+00	2.50000e+00
5.07500e-01	1.00000e+00	0.00000e+00	1.00000e+00	2.50000e+00
5.08500e-01	1.00000e+00	0.00000e+00	1.00000e+00	2.50000e+00
5.09500e-01	1.00000e+00	0.00000e+00	1.00000e+00	2.50000e+00
5.10500e-01	1.00000e+00	0.00000e+00	1.00000e+00	2.50000e+00
5.11500e-01	1.00000e+00	0.00000e+00	1.00000e+00	2.50000e+00
5.12500e-01	1.00000e+00	0.00000e+00	1.00000e+00	2.50000e+00
5.13500e-01	1.00000e+00	0.00000e+00	1.00000e+00	2.50000e+00
5.14500e-01	1.00000e+00	0.00000e+00	1.00000e+00	2.50000e+00
5.15500e-01	1.00000e+00	0.00000e+00	1.00000e+00	2.50000e+00
5.16500e-01	1.00000e+00	0.00000e+00	1.00000e+00	2.50000e+00
5.17500e-01	1.00000e+00	0.00000e+00	1.00000e+00	2.50000e+00
5.18500e-01	1.00000e+00	0.00000e+00	1.00000e+00	2.50000e+00
5.19500e-01	1.00000e+00	0.00000e+00	1.00000e+00	2.50000e+00
5.20500e-01	1.00000e+00	0.00000e+00	1.00000e+00	2.50000e+00
5.21500e-01	1.00000e+00	0.00000e+00	1.00000e+00	2.50000e+00
5.22500e-01	1.00000e+00	0.00000e+00	1.00000e+00	2.50000e+00
5.23500e-01	1.00000e+00	0.00000e+00	1.00000e+00	2.50000e+00
5.24500e-01	1.00000e+00	0.00000e+00	1.00000e+00	2.50000e+00
5.25500e-01	1.00000e+00	0.00000e+00	1.00000e+00	2.50000e+00
5.26500e-01	1.00000e+00	0.00000e+00	1.00000e+00	2.50000e+00
5.27500e-01	1.00000e+00	0.00000e+00	1.00000e+00	2.50000e+00
5.28500e-01	1.00000e+00	0.00000e+00	1.00000e+00	2.50000e+00
5.29500e-01	1.00000e+00	0.00000e+00	1.00000e+00	2.50000e+00
5.30500e-01	1.00000e+00	0.00000e+00	1.00000e+00	2.50000e+00
5.31500e-01	1.00000e+00	0.00000e+00	1.00000e+00	2.50000e+00
5.32500e-01	1.00000e+00	0.00000e+00	1.00000e+00	2.50000e+00
5.33500e-01	1.00000e+00	0.00000e+00	1.00000e+00	2.50000e+00
5.34500e-01	1.00000e+00	0.00000e+00	1.00000e+00	2.50000e+00
5.35500e-01	1.00000e+00	0.00000e+00	1.00000e+00	2.50000e+00
5.36500e-01	1.00000e+00	0.00000e+00	1.00000e+00	2.50000e+00
5.37500e-01	1.00000e+00	0.00000e+00	1.00000e+00	2.50000e+00
5.38500e-01	1.00000e+00	0.00000e+00	1.00000e+00	2.50000e+00
5.39500e-01	1.00000e+00	0.00000e+00	1.00000e+00	2.50000e+00
5.40500e-01	1.00000e+00	0.00000e+00	1.00000e+00	2.50000e+00
5.41500e-01	1.00000e+00	0.00000e+00	1.00000e+00	2.50000e+00
5.42500e-01	1.00000e+00	0.00000e+00	1.00000e+00	2.50000e+00
5.43500e-01	1.00000e+00	0.00000e+00	1.00000e+00	2.50000e+00
5.44500e-01	1.00000e+00	0.00000e+00	1.00000e+00	2.50000e+00
5.45500e-01	1.00000e+00	0.00000e+00	1.00000e+00	2.50000e+00
5.46500e-01	1.00000e+00	0.00000e+00	1.00000e+00	2.50000e+00
5.47500e-01	1.00000e+00	0.00000e+00	1.00000e+00	2.50000e+00
5.48500e-01	1.00000e+00	0.00000e+00	1.00000e+00	2.50000e+00
5.49500e-01	1.00000e+00	0.00000e+00	1.00000e+00	2.50000e+00
5.50500e-01	1.00000e+00	0.00000e+00	1.00000e+00	2.50000e+00
5.51500e-01	1.00000e+00	0.00000e+00	1.00000e+00	2.50000e+00
5.52500e-01	1.00000e+00	0.00000e+00	1.00000e+00	2.50000e+00
5.53500e-01	1.00000e+00	0.00000e+00	1.00000e+00	2.50000e+00
5.54500e-01	1.00000e+00	0.00000e+00	1.00000e+00	2.50000e+00
5.55500e-01	1.00000e+00	0.00000e+00	1.00000e+00	2.50000e+00
5.56500e-01	1.00000e+00	0.00000e+00	1.00000e+00	2.50000e+00
5.57500e-01	1.00000e+00	0.00000e+00	1.00000e+00	2.50000e+00
5.58500e-01	1.00000e+00	0.00000e+00	1.00000e+00	2.50000e+00
5.59500e-01	1.00000e+00	0.00000e+00	1.00000e+00	2.50000e+00
5.60500e-01	1.00000e+00	0.00000e+00	1.00000e+00	2.50000e+00
5.61500e-01	1.00000e+00	0.00000e+00	1.00000e+00	2.50000e+00
5.62500e-01	1.00000e+00	0.00000e+00	1.00000e+00	2.50000e+00
5.63500e-01	1.00000e+00	0.00000e+00	1.00000e+00	2.50000e+00
5.64500e-01	1.00000e+00	0.00000e+00	1.00000e+00	2.50000e+00
5.65500e-01	1.00000e+00	0.00000e+00	1.00000e+00	2.50000e+00
5.66500e-01	1.00000e+00	0.00000e+00	1.00000e+00	2.50000e+00
5.67500e-01	1.00000e+00	0.00000e+00	1.00000e+00	2.50000e+00
5.68500e-01	1.00000e+00	0.00000e+00	1.00000e+00	2.50000e+00
5.69500e-01	1.00000e+00	0.00000e+00	1.00000e+00	2.50000e+00
5.70500e-01	1.00000e+00	0.00000e+00	1.00000e+00	2.50000e+00
5.71500e-01	1.00000e+00	0.00000e+00	1.00000e+00	2.50000e+00
5.72500e-01	1.00000e+00	0.00000e+00	1.00000e+00	2.50000e+00
5.73500e-01	1.00000e+00	0.00000e+00	1.00000e+00	2.50000e+00
5.74500e-01	1.00000e+00	0.00000e+00	1.00000e+00	2.50000e+00
5.75500e-01	1.00000e+00	0.00000e+00	1.00000e+00	2.50000e+00
5.76500e-01	1.00000e+00	0.00000e+00	1.00000e+00	2.50000e+00
5.77500e-01	1.00000e+00	0.00000e+00	1.00000e+00	2.50000e+00
5.78500e-01	1.00000e+00	0.00000e+00	1.00000e+00	2.50000e+00
5.79500e-01	1.00000e+00	0.00000e+00	1.00000e+00	2.50000e+00
5.80500e-01	1.00000e+00	0.00000e+00	1.00000e+00	2.50000e+00
5.81500e-01	1.00000e+00	0.00000e+00	1.00000e+00	2.50000e+00
5.82500e-01	1.00000e+00	0.00000e+00	1.00000e+00	2.50000e+00
5.83500e-01	1.00000e+00	0.00000e+00	1.00000e+00	2.50000e+00
5.84500e-01	1.00000e+00	0.00000e+00	1.00000e+00	2.50000e+00
5.85500e-01	1.00000e+00	0.00000e+00	1.00000e+00	2.50000e+00
5.86500e-01	1.00000e+00	0.00000e+00	1.00000e+00	2.50000e+00
5.87500e-01	1.00000e+00	0.00000e+00	1.00000e+00	2.50000e+00
5.88500e-01	1.00000e+00	0.00000e+00	1.00000e+00	2.50000e+00
5.89500e-01	1.00000e+00	0.00000e+00	1.00000e+00	2.50000e+00
5.90500e-01	1.00000e+00	0.00000e+00	1.00000e+00	2.50000e+00
5.91500e-01	1.00000e+00	0.00000e+00	1.00000e+00	2.50000e+00
5.92500e-01	1.00000e+00	0.00000e+00	1.00000e+00	2.50000e+00
5.93500e-01	1.00000e+00	0.00000e+00	1.00000e+00	2.50000e+00
5.94500e-01	1.00000e+00	0.00000e+00	1.00000e+00	2.50000e+00
5.95500e-01	1.00000e+00	0.00000e+00	1.00000e+00	2.50000e+00
5.96500e-01	1.00000e+00	0.00000e+00	1.00000e+00	2.50000e+00
5.97500e-01	1.00000e+00	0.00000e+00	1.00000e+00	2.50000e+00
5.98500e-01	1.00000e+00	0.00000e+00	1.00000e+00	2.50000e+00
5.99500e-01	1.00000e+00	0.00000e+00	1.00000e+00	2.50000e+00
6.00500e-01	1.00000e+00	0.00000e+00	1.00000e+00	2.50000e+00
6.01500e-01	1.00000e+00	0.00000e+00	1.00000e+00	2.50000e+00
6.02500e-01	1.00000e+00	0.00000e+00	1.00000e+00	2.50000e+00
6.03500e-01	1.00000e+00	0.00000e+00	1.00000e+00	2.50000e+00
6.04500e-01	1.00000e+00	0.00000e+00	1.00000e+00	2.50000e+00
6.05500e-01	1.00000e+00	0.00000e+00	1.00000e+00	2.50000e+00
6.06500e-01	1.00000e+00	0.00000e+00	1.00000e+00	2.50000e+00
6.07500e-01	1.00000e+00	0.00000e+00	1.00000e+00	2.50000e+00
6.08500e-01	1.00000e+00	0.00000e+00	1.00000e+00	2.50000e+00
6.09500e-01	1.00000e+00	0.00000e+00	1.00000e+00	2.50000e+00
6.10500e-01	1.00000e+00	0.00000e+00	1.00000e+00	2.50000e+00
6.11500e-01	1.00000e+00	0.00000e+00	1.00000e+00	2.50000e+00
6.12500e-01	1.00000e+00	0.00000e+00	1.00000e+00	2.50000e+00
6.13500e-01	1.00000e+00	0.00000e+00	1.00000e+00	2.50000e+00
6.14500e-01	1.00000e+00	0.00000e+00	1.00000e+00	2.50000e+00
6.15500e-01	1.00000e+00	0.00000e+00	1.00000e+00	2.50000e+00
6.16500e-01	1.00000e+00	0.00000e+00	1.00000e+00	2.50000e+00
6.17500e-01	1.00000e+00	0.00000e+00	1.00000e+00	2.50000e+00
6.18500e-01	1.00000e+00	0.00000e+00	1.00000e+00	2.50000e+00
6.19500e-01	1.00000e+00	0.00000e+00	1.00000e+00	2.50000e+00
6.20500e-01	1.00000e+00	0.00000e+00	1.00000e+00	2.50000e+00
6.21500e-01	1.00000e+00	0.00000e+00	1.00000e+00	2.50000e+00
6.22500e-01	1.00000e+00	0.00000e+00	1.00000e+00	2.50000e+00
6.23500e-01	1.00000e+00	0.00000e+00	1.00000e+00	2.50000e+00
6.24500e-01	1.00000e+00	0.00000e+00	1.00000e+00	2.50000e+00
6.25500e-01	1.00000e+00	0.00000e+00	1.00000e+00	2.50000e+00
6.26500e-01	1.00000e+00	0.00000e+00	1.00000e+00	2.50000e+00
6.27500e-01	1.00000e+00	0.00000e+00	1.00000e+00	2.50000e+00
6.28500e-01	1.00000e+00	0.00000e+00	1.00000e+00	2.50000e+00
6.29500e-01	1.00000e+00	0.00000e+00	1.00000e+00	2.50000e+00
6.30500e-01	1.00000e+00	0.00000e+00	1.00000e+00	2.50000e+00
6.31500e-01	1.00000e+00	0.00000e+00	1.00000e+00	2.50000e+00
6.32500e-01	1.00000e+00	0.00000e+00	1.00000e+00	2.50000e+00
6.33500e-01	1.00000e+00	0.00000e+00	1.00000e+00	2.50000e+00
6.34500e-01	1.00000e+00	0.00000e+00	1.00000e+00	2.50000e+00
6.35500e-01	1.00000e+00	0.00000e+00	1.00000e+00	2.50000e+00
6.36500e-01	1.00000e+00	0.00000e+00	1.00000e+00	2.50000e+00
6.37500e-01	1.00000e+00	0.00000e+00	1.00000e+00	2.50000e+00
6.38500e-01	1.00000e+00	0.00000e+00	1.00000e+00	2.50000e+00
6.39500e-01	1.00000e+00	0.00000e+00	1.00000e+00	2.50000e+00
6.40500e-01	1.00000e+00	0.00000e+00	1.00000e+00	2.50000e+00
6.41500e-01	1.00000e+00	0.00000e+00	1.00000e+00	2.50000e+00
6.42500e-01	1.00000e+00	0.00000e+00	1.00000e+00	2.50000e+00
6.43500e-01	1.00000e+00	0.00000e+00	1.00000e+00	2.50000e+00
6.44500e-01	1.00000e+00	0.00000e+00	1.00000e+00	2.50000e+00
6.45500e-01	1.00000e+00	0.00000e+00	1.00000e+00	2.50000e+00
6.46500e-01	1.00000e+00	0.00000e+00	1.00000e+00	2.50000e+00
6.47500e-01	1.00000e+00	0.00000e+00	1.00000e+00	2.50000e+00
6.48500e-01	1.00000e+00	0.00000e+00	1.00000e+00	2.50000e+00
6.49500e-01	1.00000e+00	0.00000e+00	1.00000e+00	2.50000e+00
6.50500e-01	1.00000e+00	0.00000e+00	1.00000e+00	2.50000e+00
6.51500e-01	1.00000e+00	0.00000e+00	1.00000e+00	2.50000e+00
6.52500e-01	1.00000e+00	0.00000e+00	1.00000e+00	2.50000e+00
6.53500e-01	1.00000e+00	0.00000e+00	1.00000e+00	2.50000e+00
6.54500e-01	1.00000e+00	0.00000e+00	1.00000e+00	2.50000e+00
6.55500e-01	1.00000e+00	0.00000e+00	1.00000e+00	2.50000e+00
6.56500e-01	1.00000e+00	0.00000e+00	1.00000e+00	2.50000e+00
6.57500e-01	1.00000e+00	0.00000e+00	1.00000e+00	2.50000e+00
6.58500e-01	1.00000e+00	0.00000e+00	1.00000e+00	2.50000e+00
6.59500e-01	1.00000e+00	0.00000e+00	1.00000e+00	2.50000e+00
6.60500e-01	1.00000e+00	0.00000e+00	1.00000e+00	2.50000e+00
6.61500e-01	1.00000e+00	0.00000e+00	1.00000e+00	2.50000e+00
6.62500e-01	1.00000e+00	0.00000e+00	1.00000e+00	2.50000e+00
6.63500e-01	1.00000e+00	0.00000e+00	1.00000e+00	2.50000e+00
6.64500e-01	1.00000e+00	0.00000e+00	1.00000e+00	2.50000e+00
6.65500e-01	1.00000e+00	0.00000e+00	1.00000e+00	2.50000e+00
6.66500e-01	1.00000e+00	0.00000e+00	1.00000e+00	2.50000e+00
6.67500e-01	1.00000e+00	0.00000e+00	1.00000e+00	2.50000e+00
6.68500e-01	1.00000e+00	0.00000e+00	1.00000e+00	2.50000e+00
6.69500e-01	1.00000e+00	0.00000e+00	1.00000e+00	2.50000e+00
6.70500e-01	1.00000e+00	0.00000e+00	1.00000e+00	2.50000e+00
6.71500e-01	1.00000e+00	0.00000e+00	1.00000e+00	2.50000e+00
6.72500e-01	1.00000e+00	0.00000e+00	1.00000e+00	2.50000e+00
6.73500e-01	1.00000e+00	0.00000e+00	1.00000e+00	2.50000e+00
6.74500e-01	1.00000e+00	0.00000e+00	1.00000e+00	2.50000e+00
6.75500e-01	1.00000e+00	0.00000e+00	1.00000e+00	2.50000e+00
6.76500e-01	1.00000e+00	0.00000e+00	1.00000e+00	2.50000e+00
6.77500e-01	1.00000e+00	0.00000e+00	1.00000e+00	2.50000e+00
6.78500e-01	1.00000e+00	0.00000e+00	1.00000e+00	2.50000e+00
6.79500e-01	1.00000e+00	0.00000e+00	1.00000e+00	2.50000e+00
6.80500e-01	1.00000e+00	0.00000e+00	1.00000e+00	2.50000e+00
6.81500e-01	1.00000e+00	0.00000e+00	1.00000e+00	2.50000e+00
6.82500e-01	1.00000e+00	0.00000e+00	1.00000e+00	2.50000e+00
6.83500e-01	1.00000e+00	0.00000e+00	1.00000e+00	2.50000e+00
6.84500e-01	1.00000e+00	0.00000e+00	1.00000e+00	2.50000e+00
6.85500e-01	1.00000e+00	0.00000e+00	1.00000e+00	2.50000e+00
6.86500e-01	1.00000e+00	0.00000e+00	1.00000e+00	2.50000e+00
6.87500e-01	1.00000e+00	0.00000e+00	1.00000e+00	2.50000e+00
6.88500e-01	1.00000e+00	0.00000e+00	1.00000e+00	2.50000e+00
6.89500e-01	1.00000e+00	0.00000e+00	1.00000e+00	2.50000e+00
6.90500e-01	1.00000e+00	0.00000e+00	1.00000e+00	2.50000e+00
6.91500e-01	1.00000e+00	0.00000e+00	1.00000e+00	2.50000e+00
6.92500e-01	1.00000e+00	0.00000e+00	1.00000e+00	2.50000e+00
6.93500e-01	1.00000e+00	0.00000e+00	1.00000e+00	2.50000e+00
6.94500e-01	1.00000e+00	0.00000e+00	1.00000e+00	2.50000e+00
6.95500e-01	1.00000e+00	0.00000e+00	1.00000e+00	2.50000e+00
6.96500e-01	1.00000e+00	0.00000e+00	1.00000e+00	2.50000e+00
6.97500e-01	1.00000e+00	0.00000e+00	1.00000e+00	2.50000e+00
6.98500e-01	1.00000e+00	0.00000e+00	1.00000e+00	2.50000e+00
6.99500e-01	1.00000e+00	0.00000e+00	1.00000e+00	2.50000e+00
7.00500e-01	1.00000e+00	0.00000e+00	1.00000e+00	2.50000e+00
7.01500e-01	1.00000e+00	0.00000e+00	1.00000e+00	2.50000e+00
7.02500e-01	1.00000e+00	0.00000e+00	1.00000e+00	2.50000e+00
7.03500e-01	1.00000e+00	0.00000e+00	1.00000e+00	2.50000e+00
7.04500e-01	1.00000e+00	0.00000e+00	1.00000e+00	2.50000e+00
7.05500e-01	1.00000e+00	0.00000e+00	1.00000e+00	2.50000e+00
7.06500e-01	1.00000e+00	0.00000e+00	1.00000e+00	2.50000e+00
7.07500e-01	1.00000e+00	0.00000e+00	1.00000e+00	2.50000e+00
7.08500e-01	1.00000e+00	0.00000e+00	1.00000e+00	2.50000e+00
7.09500e-01	1.00000e+00	0.00000e+00	1.00000e+00	2.50000e+00
7.10500e-01	1.00000e+00	0.00000e+00	1.00000e+00	2.50000e+00
7.11500e-01	1.00000e+00	0.00000e+00	1.00000e+00	2.50000e+00
7.12500e-01	1.00000e+00	0.00000e+00	1.00000e+00	2.50000e+00
7.13500e-01	1.00000e+00	0.00000e+00	1.00000e+00	2.50000e+00
7.14500e-01	1.00000e+00	0.00000e+00	1.00000e+00	2.50000e+00
7.15500e-01	1.00000e+00	0.00000e+00	1.00000e+00	2.50000e+00
7.16500e-01	1.00000e+00	0.00000e+00	1.00000e+00	2.50000e+00
7.17500e-01	1.00000e+00	0.00000e+00	1.00000e+00	2.50000e+00
7.18500e-01	1.00000e+00	0.00000e+00	1.00000e+00	2.50000e+00
7.19500e-01	1.00000e+00	0.00000e+00	1.00000e+00	2.50000e+00
7.20500e-01	1.00000e+00	0.00000e+00	1.00000e+00	2.50000e+00
7.21500e-01	1.00000e+00	0.00000e+00	1.00000e+00	2.50000e+00
7.22500e-01	1.00000e+00	0.00000e+00	1.00000e+00	2.50000e+00
7.23500e-01	1.00000e+00	0.00000e+00	1.00000e+00	2.50000e+00
7.24500e-01	1.00000e+00	0.00000e+00	1.00000e+00	2.50000e+00
7.25500e-01	1.00000e+00	0.00000e+00	1.00000e+00	2.50000e+00
7.26500e-01	1.00000e+00	0.00000e+00	1.00000e+00	2.50000e+00
7.27500e-01	1.00000e+00	0.00000e+00	1.00000e+00	2.50000e+00
7.28500e-01	1.00000e+00	0.00000e+00	1.00000e+00	2.50000e+00
7.29500e-01	1.00000e+00	0.00000e+00	1.00000e+00	2.50000e+00
7.30500e-01	1.00000e+00	0.00000e+00	1.00000e+00	2.50000e+00
7.31500e-01	1.00000e+00	0.00000e+00	1.00000e+00	2.50000e+00
7.32500e-01	1.00000e+00	0.00000e+00	1.00000e+00	2.50000e+00
7.33500e-01	1.00000e+00	0.00000e+00	1.00000e+00	2.50000e+00
7.34500e-01	1.00000e+00	0.00000e+00	1.00000e+00	2.50000e+00
7.35500e-01	1.00000e+00	0.00000e+00	1.00000e+00	2.50000e+00
7.36500e-01	1.00000e+00	0.00000e+00	1.00000e+00	2.50000e+00
7.37500e-01	1.00000e+00	0.00000e+00	1.00000e+00	2.50000e+00
7.38500e-01	1.00000e+00	0.00000e+00	1.00000e+00	2.50000e+00
7.39500e-01	1.00000e+00	0.00000e+00	1.00000e+00	2.50000e+00
7.40500e-01	1.00000e+00	0.00000e+00	1.00000e+00	2.50000e+00
7.41500e-01	1.00000e+00	0.00000e+00	1.00000e+00	2.50000e+00
7.42500e-01	1.00000e+00	0.00000e+00	1.00000e+00	2.50000e+00
7.43500e-01	1.00000e+00	0.00000e+00	1.00000e+00	2.50000e+00
7.44500e-01	1.00000e+00	0.00000e+00	1.00000e+00	2.50000e+00
7.45500e-01	1.00000e+00	0.00000e+00	1.00000e+00	2.50000e+00
7.46500e-01	1.00000e+00	0.00000e+00	1.00000e+00	2.50000e+00
7.47500e-01	1.00000e+00	0.00000e+00	1.00000e+00	2.50000e+00
7.48500e-01	1.00000e+00	0.00000e+00	1.00000e+00	2.50000e+00
7.49500e-01	1.00000e+00	0.00000e+00	1.00000e+00	2.50000e+00
7.50500e-01	1.00000e+00	0.00000e+00	1.00000e+00	2.50000e+00
7.51500e-01	1.00000e+00	0.00000e+00	1.00000e+00	2.50000e+00
7.52500e-01	1.00000e+00	0.00000e+00	1.00000e+00	2.50000e+00
7.53500e-01	1.00000e+00	0.00000e+00	1.00000e+00	2.50000e+00
7.54500e-01	1.00000e+00	0.00000e+00	1.00000e+00	2.50000e+00
7.55500e-01	1.00000e+00	0.00000e+00	1.00000e+00	2.50000e+00
7.56500e-01	1.00000e+00	0.00000e+00	1.00000e+00	2.50000e+00
7.57500e-01	1.00000e+00	0.00000e+00	1.00000e+00	2.50000e+00
7.58500e-01	1.00000e+00	0.00000e+00	1.00000e+00	2.50000e+00
7.59500e-01	1.00000e+00	0.00000e+00	1.00000e+00	2.50000e+00
7.60500e-01	1.00000e+00	0.00000e+00	1.00000e+00	2.50000e+00
7.61500e-01	1.00000e+00	0.00000e+00	1.00000e+00	2.50000e+00
7.62500e-01	1.00000e+00	0.00000e+00	1.00000e+00	2.50000e+00
7.63500e-01	1.00000e+00	0.00000e+00	1.00000e+00	2.50000e+00
7.64500e-01	1.00000e+00	0.00000e+00	1.00000e+00	2.50000e+00
7.65500e-01	1.00000e+00	0.00000e+00	1.00000e+00	2.50000e+00
7.66500e-01	1.00000e+00	0.00000e+00	1.00000e+00	2.50000e+00
7.67500e-01	1.00000e+00	0.00000e+00	1.00000e+00	2.50000e+00
7.68500e-01	1.00000e+00	0.00000e+00	1.00000e+00	2.50000e+00
7.69500e-01	1.00000e+00	0.00000e+00	1.00000e+00	2.50000e+00
7.70500e-01	1.00000e+00	0.00000e+00	1.00000e+00	2.50000e+00
7.71500e-01	1.00000e+00	0.00000e+00	1.00000e+00	2.50000e+00
7.72500e-01	1.00000e+00	0.00000e+00	1.00000e+00	2.50000e+00
7.73500e-01	1.00000e+00	0.00000e+00	1.00000e+00	2.50000e+00
7.74500e-01	1.00000e+00	0.00000e+00	1.00000e+00	2.50000e+00
7.75500e-01	1.00000e+00	0.00000e+00	1.00000e+00	2.50000e+00
7.76500e-01	1.00000e+00	0.00000e+00	1.00000e+00	2.50000e+00
7.77500e-01	1.00000e+00	0.00000e+00	1.00000e+00	2.50000e+00
7.78500e-01	1.00000e+00	0.00000e+00	1.00000e+00	2.50000e+00
7.79500e-01	1.00000e+00	0.00000e+00	1.00000e+00	2.50000e+00
7.80500e-01	1.00000e+00	0.00000e+00	1.00000e+00	2.50000e+00
7.81500e-01	1.00000e+00	0.00000e+00	1.00000e+00	2.50000e+00
7.82500e-01	1.00000e+00	0.00000e+00	1.00000e+00	2.50000e+00
7.83500e-01	1.00000e+00	0.00000e+00	1.00000e+00	2.50000e+00
7.84500e-01	1.00000e+00	0.00000e+00	1.00000e+00	2.50000e+00
7.85500e-01	1.00000e+00	0.00000e+00	1.00000e+00	2.50000e+00
7.86500e-01	1.00000e+00	0.00000e+00	1.00000e+00	2.50000e+00
7.87500e-01	1.00000e+00	0.00000e+00	1.00000e+00	2.50000e+00
7.88500e-01	1.00000e+00	0.00000e+00	1.00000e+00	2.50000e+00
7.89500e-01	1.00000e+00	0.00000e+00	1.00000e+00	2.50000e+00
7.90500e-01	1.00000e+00	0.00000e+00	1.00000e+00	2.50000e+00
7.91500e-01	1.00000e+00	0.00000e+00	1.00000e+00	2.50000e+00
7.92500e-01	1.00000e+00	0.00000e+00	1.00000e+00	2.50000e+00
7.93500e-01	1.00000e+00	0.00000e+00	1.00000e+00	2.50000e+00
7.94500e-01	1.00000e+00	0.00000e+00	1.00000e+00	2.50000e+00
7.95500e-01	1.00000e+00	0.00000e+00	1.00000e+00	2.50000e+00
7.96500e-01	1.00000e+00	0.00000e+00	1.00000e+00	2.50000e+00
7.97500e-01	1.00000e+00	0.00000e+00	1.00000e+00	2.50000e+00
7.98500e-01	1.00000e+00	0.00000e+00	1.00000e+00	2.50000e+00
7.99500e-01	1.00000e+00	0.00000e+00	1.00000e+00	2.50000e+00
8.00500e-01	1.00000e+00	0.00000e+00	1.00000e+00	2.50000e+00
8.01500e-01	1.00000e+00	0.00000e+00	1.00000e+00	2.50000e+00
8.02500e-01	1.00000e+00	0.00000e+00	1.00000e+00	2.50000e+00
8.03500e-01	1.00000e+00	0.00000e+00	1.00000e+00	2.50000e+00
8.04500e-01	1.00000e+00	0.00000e+00	1.00000e+00	2.50000e+00
8.05500e-01	1.00000e+00	0.00000e+00	1.00000e+00	2.50000e+00
8.06500e-01	1.00000e+00	0.00000e+00	1.00000e+00	2.50000e+00
8.07500e-01	1.00000e+00	0.00000e+00	1.00000e+00	2.50000e+00
8.08500e-01	1.00000e+00	0.00000e+00	1.00000e+00	2.50000e+00
8.09500e-01	1.00000e+00	0.00000e+00	1.00000e+00	2.50000e+00
8.10500e-01	1.00000e+00	0.00000e+00	1.00000e+00	2.50000e+00
8.11500e-01	1.00000e+00	0.00000e+00	1.00000e+00	2.50000e+00
8.12500e-01	1.00000e+00	0.00000e+00	1.00000e+00	2.50000e+00
8.13500e-01	1.00000e+00	0.00000e+00	1.00000e+00	2.50000e+00
8.14500e-01	1.00000e+00	0.00000e+00	1.00000e+00	2.50000e+00
8.15500e-01	1.00000e+00	0.00000e+00	1.00000e+00	2.50000e+00
8.16500e-01	1.00000e+00	0.00000e+00	1.00000e+00	2.50000e+00
8.17500e-01	1.00000e+00	0.00000e+00	1.00000e+00	2.50000e+00
8.18500e-01	1.00000e+00	0.00000e+00	1.00000e+00	2.50000e+00
8.19500e-01	1.00000e+00	0.00000e+00	1.00000e+00	2.50000e+00
8.20500e-01	1.00000e+00	0.00000e+00	1.00000e+00	2.50000e+00
8.21500e-01	1.00000e+00	0.00000e+00	1.00000e+00	2.50000e+00
8.22500e-01	1.00000e+00	0.00000e+00	1.00000e+00	2.50000e+00
8.23500e-01	1.00000e+00	0.00000e+00	1.00000e+00	2.50000e+00
8.24500e-01	1.00000e+00	0.00000e+00	1.00000e+00	2.50000e+00
8.25500e-01	1.00000e+00	0.00000e+00	1.00000e+00	2.50000e+00
8.26500e-01	1.00000e+00	0.00000e+00	1.00000e+00	2.50000e+00
8.27500e-01	1.00000e+00	0.00000e+00	1.00000e+00	2.50000e+00
8.28500e-01	1.00000e+00	0.00000e+00	1.00000e+00	2.50000e+00
8.29500e-01	1.00000e+00	0.00000e+00	1.00000e+00	2.50000e+00
8.30500e-01	1.00000e+00	0.00000e+00	1.00000e+00	2.50000e+00
8.31500e-01	1.00000e+00	0.00000e+00	1.00000e+00	2.50000e+00
8.32500e-01	1.00000e+00	0.00000e+00	1.00000e+00	2.50000e+00
8.33500e-01	1.00000e+00	0.00000e+00	1.00000e+00	2.50000e+00
8.34500e-01	1.00000e+00	0.00000e+00	1.00000e+00	2.50000e+00
8.35500e-01	1.00000e+00	0.00000e+00	1.00000e+00	2.50000e+00
8.36500e-01	1.00000e+00	0.00000e+00	1.00000e+00	2.50000e+00
8.37500e-01	1.00000e+00	0.00000e+00	1.00000e+00	2.50000e+00
8.38500e-01	1.00000e+00	0.00000e+00	1.00000e+00	2.50000e+00
8.39500e-01	1.00000e+00	0.00000e+00	1.00000e+00	2.50000e+00
8.40500e-01	1.00000e+00	0.00000e+00	1.00000e+00	2.50000e+00
8.41500e-01	1.00000e+00	0.00000e+00	1.00000e+00	2.50000e+00
8.42500e-01	1.00000e+00	0.00000e+00	1.00000e+00	2.50000e+00
8.43500e-01	1.00000e+00	0.00000e+00	1.00000e+00	2.50000e+00
8.44500e-01	1.00000e+00	0.00000e+00	1.00000e+00	2.50000e+00
8.45500e-01	1.00000e+00	0.00000e+00	1.00000e+00	2.50000e+00
8.46500e-01	1.00000e+00	0.00000e+00	1.00000e+00	2.50000e+00
8.47500e-01	1.00000e+00	0.00000e+00	1.00000e+00	2.50000e+00
8.48500e-01	1.00000e+00	0.00000e+00	1.00000e+00	2.50000e+00
8.49500e-01	1.00000e+00	0.00000e+00	1.00000e+00	2.50000e+00
8.50500e-01	1.00000e+00	0.00000e+00	1.00000e+00	2.50000e+00
8.51500e-01	1.00000e+00	0.00000e+00	1.00000e+00	2.50000e+00
8.52500e-01	1.00000e+00	0.00000e+00	1.00000e+00	2.50000e+00
8.53500e-01	1.00000e+00	0.00000e+00	1.00000e+00	2.50000e+00
8.54500e-01	1.00000e+00	0.00000e+00	1.00000e+00	2.50000e+00
8.55500e-01	1.00000e+00	0.00000e+00	1.00000e+00	2.50000e+00
8.56500e-01	1.00000e+00	0.00000e+00	1.00000e+00	2.50000e+00
8.57500e-01	1.00000e+00	0.00000e+00	1.00000e+00	2.50000e+00
8.58500e-01	1.00000e+00	0.00000e+00	1.00000e+00	2.50000e+00
8.59500e-01	1.00000e+00	0.00000e+00	1.00000e+00	2.50000e+00
8.60500e-01	1.00000e+00	0.00000e+00	1.00000e+00	2.50000e+00
8.61500e-01	1.00000e+00	0.00000e+00	1.00000e+00	2.50000e+00
8.62500e-01	1.00000e+00	0.00000e+00	1.00000e+00	2.50000e+00
8.63500e-01	1.00000e+00	0.00000e+00	1.00000e+00	2.50000e+00
8.64500e-01	1.00000e+00	0.00000e+00	1.00000e+00	2.50000e+00
8.65500e-01	1.00000e+00	0.00000e+00	1.00000e+00	2.50000e+00
8.66500e-01	1.00000e+00	0.00000e+00	1.00000e+00	2.50000e+00
8.67500e-01	1.00000e+00	0.00000e+00	1.00000e+00	2.50000e+00
8.68500e-01	1.00000e+00	0.00000e+00	1.00000e+00	2.50000e+00
8.69500e-01	1.00000e+00	0.00000e+00	1.00000e+00	2.50000e+00
8.70500e-01	1.00000e+00	0.00000e+00	1.00000e+00	2.50000e+00
8.71500e-01	1.00000e+00	0.00000e+00	1.00000e+00	2.50000e+00
8.72500e-01	1.00000e+00	0.00000e+00	1.00000e+00	2.50000e+00
8.73500e-01	1.00000e+00	0.00000e+00	1.00000e+00	2.50000e+00
8.74500e-01	1.00000e+00	0.00000e+00	1.00000e+00	2.50000e+00
8.75500e-01	1.00000e+00	0.00000e+00	1.00000e+00	2.50000e+00
8.76500e-01	1.00000e+00	0.00000e+00	1.00000e+00	2.50000e+00
8.77500e-01	1.00000e+00	0.00000e+00	1.00000e+00	2.50000e+00
8.78500e-01	1.00000e+00	0.00000e+00	1.00000e+00	2.50000e+00
8.79500e-01	1.00000e+00	0.00000e+00	1.00000e+00	2.50000e+00
8.80500e-01	1.00000e+00	0.00000e+00	1.00000e+00	2.50000e+00
8.81500e-01	1.00000e+00	0.00000e+00	1.00000e+00	2.50000e+00
8.82500e-01	1.00000e+00	0.00000e+00	1.00000e+00	2.50000e+00
8.83500e-01	1.00000e+00	0.00000e+00	1.00000e+00	2.50000e+00
8.84500e-01	1.00000e+00	0.00000e+00	1.00000e+00	2.50000e+00
8.85500e-01	1.00000e+00	0.00000e+00	1.00000e+00	2.50000e+00
8.86500e-01	1.00000e+00	0.00000e+00	1.00000e+00	2.50000e+00
8.87500e-01	1.00000e+00	0.00000e+00	1.00000e+00	2.50000e+00
8.88500e-01	1.00000e+00	0.00000e+00	1.00000e+00	2.50000e+00
8.89500e-01	1.00000e+00	0.00000e+00	1.00000e+00	2.50000e+00
8.90500e-01	1.00000e+00	0.00000e+00	1.00000e+00	2.50000e+00
8.91500e-01	1.00000e+00	0.00000e+00	1.00000e+00	2.50000e+00
8.92500e-01	1.00000e+00	0.00000e+00	1.00000e+00	2.50000e+00
8.93500e-01	1.00000e+00	0.00000e+00	1.00000e+00	2.50000e+00
8.94500e-01	1.00000e+00	0.00000e+00	1.00000e+00	2.50000e+00
8.95500e-01	1.00000e+00	0.00000e+00	1.00000e+00	2.50000e+00
8.96500e-01	1.00000e+00	0.00000e+00	1.00000e+00	2.50000e+00
8.97500e-01	1.00000e+00	0.00000e+00	1.00000e+00	2.50000e+00
8.98500e-01	1.00000e+00	0.00000e+00	1.00000e+00	2.50000e+00
8.99500e-01	1.00000e+00	0.00000e+00	1.00000e+00	2.50000e+00
9.00500e-01	1.00000e+00	0.00000e+00	1.00000e+00	2.50000e+00
9.01500e-01	1.00000e+00	0.00000e+00	1.00000e+00	2.50000e+00
9.02500e-01	1.00000e+00	0.00000e+00	1.00000e+00	2.50000e+00
9.03500e-01	1.00000e+00	0.00000e+00	1.00000e+00	2.50000e+00
9.04500e-01	1.00000e+00	0.00000e+00	1.00000e+00	2.50000e+00
9.05500e-01	1.00000e+00	0.00000e+00	1.00000e+00	2.50000e+00
9.06500e-01	1.00000e+00	0.00000e+00	1.00000e+00	2.50000e+00
9.07500e-01	1.00000e+00	0.00000e+00	1.00000e+00	2.50000e+00
9.08500e-01	1.00000e+00	0.00000e+00	1.00000e+00	2.50000e+00
9.09500e-01	1.00000e+00	0.00000e+00	1.00000e+00	2.50000e+00
9.10500e-01	1.00000e+00	0.00000e+00	1.00000e+00	2.50000e+00
9.11500e-01	1.00000e+00	0.00000e+00	1.00000e+00	2.50000e+00
9.12500e-01	1.00000e+00	0.00000e+00	1.00000e+00	2.50000e+00
9.13500e-01	1.00000e+00	0.00000e+00	1.00000e+00	2.50000e+00
9.14500e-01	1.00000e+00	0.00000e+00	1.00000e+00	2.50000e+00
9.15500e-01	1.00000e+00	0.00000e+00	1.00000e+00	2.50000e+00
9.16500e-01	1.00000e+00	0.00000e+00	1.00000e+00	2.50000e+00
9.17500e-01	1.00000e+00	0.00000e+00	1.00000e+00	2.50000e+00
9.18500e-01	1.00000e+00	0.00000e+00	1.00000e+00	2.50000e+00
9.19500e-01	1.00000e+00	0.00000e+00	1.00000e+00	2.50000e+00
9.20500e-01	1.00000e+00	0.00000e+00	1.00000e+00	2.50000e+00
9.21500e-01	1.00000e+00	0.00000e+00	1.00000e+00	2.50000e+00
9.22500e-01	1.00000e+00	0.00000e+00	1.00000e+00	2.50000e+00
9.23500e-01	1.00000e+00	0.00000e+00	1.00000e+00	2.50000e+00
9.24500e-01	1.00000e+00	0.00000e+00	1.00000e+00	2.50000e+00
9.25500e-01	1.00000e+00	0.00000e+00	1.00000e+00	2.50000e+00
9.26500e-01	1.00000e+00	0.00000e+00	1.00000e+00	2.50000e+00
9.27500e-01	1.00000e+00	0.00000e+00	1.00000e+00	2.50000e+00
9.28500e-01	1.00000e+00	0.00000e+00	1.00000e+00	2.50000e+00
9.29500e-01	1.00000e+00	0.00000e+00	1.00000e+00	2.50000e+00
9.30500e-01	1.00000e+00	0.00000e+00	1.00000e+00	2.50000e+00
9.31500e-01	1.00000e+00	0.00000e+00	1.00000e+00	2.50000e+00
9.32500e-01	1.00000e+00	0.00000e+00	1.00000e+00	2.50000e+00
9.33500e-01	1.00000e+00	0.00000e+00	1.00000e+00	2.50000e+00
9.34500e-01	1.00000e+00	0.00000e+00	1.00000e+00	2.50000e+00
9.35500e-01	1.00000e+00	0.00000e+00	1.00000e+00	2.50000e+00
9.36500e-01	1.00000e+00	0.00000e+00	1.00000e+00	2.50000e+00
9.37500e-01	1.00000e+00	0.00000e+00	1.00000e+00	2.50000e+00
9.38500e-01	1.00000e+00	0.00000e+00	1.00000e+00	2.50000e+00
9.39500e-01	1.00000e+00	0.00000e+00	1.00000e+00	2.50000e+00
9.40500e-01	1.00000e+00	0.00000e+00	1.00000e+00	2.50000e+00
9.41500e-01	1.00000e+00	0.00000e+00	1.00000e+00	2.50000e+00
9.42500e-01	1.00000e+00	0.00000e+00	1.00000e+00	2.50000e+00
9.43500e-01	1.00000e+00	0.00000e+00	1.00000e+00	2.50000e+00
9.44500e-01	1.00000e+00	0.00000e+00	1.00000e+00	2.50000e+00
9.45500e-01	1.00000e+00	0.00000e+00	1.00000e+00	2.50000e+00
9.46500e-01	1.00000e+00	0.00000e+00	1.00000e+00	2.50000e+00
9.47500e-01	1.00000e+00	0.00000e+00	1.00000e+00	2.50000e+00
9.48500e-01	1.00000e+00	0.00000e+00	1.00000e+00	2.50000e+00
9.49500e-01	1.00000e+00	0.00000e+00	1.00000e+00	2.50000e+00
9.50500e-01	1.00000e+00	0.00000e+00	1.00000e+00	2.50000e+00
9.51500e-01	1.00000e+00	0.00000e+00	1.00000e+00	2.50000e+00
9.52500e-01	1.00000e+00	0.00000e+00	1.00000e+00	2.50000e+00
9.53500e-01	1.00000e+00	0.00000e+00	1.00000e+00	2.50000e+00
9.54500e-01	1.00000e+00	0.00000e+00	1.00000e+00	2.50000e+00
9.55500e-01	1.00000e+00	0.00000e+00	1.00000e+00	2.50000e+00
9.56500e-01	1.00000e+00	0.00000e+00	1.00000e+00	2.50000e+00
9.57500e-01	1.00000e+00	0.00000e+00	1.00000e+00	2.50000e+00
9.58500e-01	1.00000e+00	0.00000e+00	1.00000e+00	2.50000e+00
9.59500e-01	1.00000e+00	0.00000e+00	1.00000e+00	2.50000e+00
9.60500e-01	1.00000e+00	0.00000e+00	1.00000e+00	2.50000e+00
9.61500e-01	1.00000e+00	0.00000e+00	1.00000e+00	2.50000e+00
9.62500e-01	1.00000e+00	0.00000e+00	1.00000e+00	2.50000e+00
9.63500e-01	1.00000e+00	0.00000e+00	1.00000e+00	2.50000e+00
9.64500e-01	1.00000e+00	0.00000e+00	1.00000e+00	2.50000e+00
9.65500e-01	1.00000e+00	0.00000e+00	1.00000e+00	2.50000e+00
9.66500e-01	1.00000e+00	0.00000e+00	1.00000e+00	2.50000e+00
9.67500e-01	1.00000e+00	0.00000e+00	1.00000e+00	2.50000e+00
9.68500e-01	1.00000e+00	0.00000e+00	1.00000e+00	2.50000e+00
9.69500e-01	1.00000e+00	0.00000e+00	1.00000e+00	2.50000e+00
9.70500e-01	1.00000e+00	0.00000e+00	1.00000e+00	2.50000e+00
9.71500e-01	1.00000e+00	0.00000e+00	1.00000e+00	2.50000e+00
9.72500e-01	1.00000e+00	0.00000e+00	1.00000e+00	2.50000e+00
9.73500e-01	1.00000e+00	0.00000e+00	1.00000e+00	2.50000e+00
9.74500e-01	1.00000e+00	0.00000e+00	1.00000e+00	2.50000e+00
9.75500e-01	1.00000e+00	0.00000e+00	1.00000e+00	2.50000e+00
9.76500e-01	1.00000e+00	0.00000e+00	1.00000e+00	2.50000e+00
9.77500e-01	1.00000e+00	0.00000e+00	1.00000e+00	2.50000e+00
9.78500e-01	1.00000e+00	0.00000e+00	1.00000e+00	2.50000e+00
9.79500e-01	1.00000e+00	0.00000e+00	1.00000e+00	2.50000e+00
9.80500e-01	1.00000e+00	0.00000e+00	1.00000e+00	2.50000e+00
9.81500e-01	1.00000e+00	0.00000e+00	1.00000e+00	2.50000e+00
9.82500e-01	1.00000e+00	0.00000e+00	1.00000e+00	2.50000e+00
9.83500e-01	1.00000e+00	0.00000e+00	1.00000e+00	2.50000e+00
9.84500e-01	1.00000e+00	0.00000e+00	1.00000e+00	2.50000e+00
9.85500e-01	1.00000e+00	0.00000e+00	1.00000e+00	2.50000e+00
9.86500e-01	1.00000e+00	0.00000e+00	1.00000e+00	2.50000e+00
9.87500e-01	1.00000e+00	0.00000e+00	1.00000e+00	2.50000e+00
9.88500e-01	1.00000e+00	0.00000e+00	1.00000e+00	2.50000e+00
9.89500e-01	1.00000e+00	0.00000e+00	1.00000e+00	2.50000e+00
9.90500e-01	1.00000e+00	0.00000e+00	1.00000e+00	2.50000e+00
9.91500e-01	1.00000e+00	0.00000e+00	1.00000e+00	2.50000e+00
9.92500e-01	1.00000e+00	0.00000e+00	1.00000e+00	2.50000e+00
9.93500e-01	1.00000e+00	0.00000e+00	1.00000e+00	2.50000e+00
9.94500e-01	1.00000e+00	0.00000e+00	1.00000e+00	2.50000e+00
9.95500e-01	1.00000e+00	0.00000e+00	1.00000e+00	2.50000e+00
9.96500e-01	1.00000e+00	0.00000e+00	1.00000e+00	2.50000e+00
9.97500e-01	1.00000e+00	0.00000e+00	1.00000e+00	2.50000e+00
9.98500e-01	1.00000e+00	0.00000e+00	1.00000e+00	2.50000e+00
9.99500e-01	1.00000e+00	0.00000e+00	1.00000e+00	2.50000e+00
